Ereco vs. Etrue

total bin number = 60, X/Y axis range = [0,3] (GeV)

FC

bin number Etrue, bin number Ereco, number of events in bin

0 0 0
0 1 0
0 2 0
0 3 0
0 4 0
0 5 0
0 6 0
0 7 0
0 8 0
0 9 0
0 10 0
0 11 0
0 12 0
0 13 0
0 14 0
0 15 0
0 16 0
0 17 0
0 18 0
0 19 0
0 20 0
0 21 0
0 22 0
0 23 0
0 24 0
0 25 0
0 26 0
0 27 0
0 28 0
0 29 0
0 30 0
0 31 0
0 32 0
0 33 0
0 34 0
0 35 0
0 36 0
0 37 0
0 38 0
0 39 0
0 40 0
0 41 0
0 42 0
0 43 0
0 44 0
0 45 0
0 46 0
0 47 0
0 48 0
0 49 0
0 50 0
0 51 0
0 52 0
0 53 0
0 54 0
0 55 0
0 56 0
0 57 0
0 58 0
0 59 0
1 0 0
1 1 0
1 2 0
1 3 0
1 4 0
1 5 0
1 6 0
1 7 0
1 8 0
1 9 0
1 10 0
1 11 0
1 12 0
1 13 0
1 14 0
1 15 0
1 16 0
1 17 0
1 18 0
1 19 0
1 20 0
1 21 0
1 22 0
1 23 0
1 24 0
1 25 0
1 26 0
1 27 0
1 28 0
1 29 0
1 30 0
1 31 0
1 32 0
1 33 0
1 34 0
1 35 0
1 36 0
1 37 0
1 38 0
1 39 0
1 40 0
1 41 0
1 42 0
1 43 0
1 44 0
1 45 0
1 46 0
1 47 0
1 48 0
1 49 0
1 50 0
1 51 0
1 52 0
1 53 0
1 54 0
1 55 0
1 56 0
1 57 0
1 58 0
1 59 0
2 0 0
2 1 0
2 2 0
2 3 0
2 4 0
2 5 0
2 6 0
2 7 0
2 8 0
2 9 0
2 10 0
2 11 0
2 12 0
2 13 0
2 14 0
2 15 0
2 16 0
2 17 0
2 18 0
2 19 0
2 20 0
2 21 0
2 22 0
2 23 0
2 24 0
2 25 0
2 26 0
2 27 0
2 28 0
2 29 0
2 30 0
2 31 0
2 32 0
2 33 0
2 34 0
2 35 0
2 36 0
2 37 0
2 38 0
2 39 0
2 40 0
2 41 0
2 42 0
2 43 0
2 44 0
2 45 0
2 46 0
2 47 0
2 48 0
2 49 0
2 50 0
2 51 0
2 52 0
2 53 0
2 54 0
2 55 0
2 56 0
2 57 0
2 58 0
2 59 0
3 0 0
3 1 0
3 2 0
3 3 0.0715927
3 4 0.0321418
3 5 0
3 6 0
3 7 0.0398595
3 8 0
3 9 0
3 10 0
3 11 0
3 12 0
3 13 0
3 14 0
3 15 0
3 16 0
3 17 0
3 18 0
3 19 0
3 20 0
3 21 0
3 22 0
3 23 0
3 24 0
3 25 0
3 26 0
3 27 0
3 28 0
3 29 0
3 30 0
3 31 0
3 32 0
3 33 0
3 34 0
3 35 0
3 36 0
3 37 0
3 38 0
3 39 0
3 40 0
3 41 0
3 42 0
3 43 0
3 44 0
3 45 0
3 46 0
3 47 0
3 48 0
3 49 0
3 50 0
3 51 0
3 52 0
3 53 0
3 54 0
3 55 0
3 56 0
3 57 0
3 58 0
3 59 0
4 0 0
4 1 0
4 2 8.68468
4 3 3.00251
4 4 28.8869
4 5 0
4 6 0
4 7 0
4 8 0
4 9 0
4 10 0
4 11 0
4 12 0
4 13 0
4 14 0
4 15 0
4 16 0
4 17 0
4 18 0
4 19 0
4 20 0
4 21 0
4 22 0
4 23 0
4 24 0
4 25 0
4 26 0
4 27 0
4 28 0
4 29 0
4 30 0
4 31 0
4 32 0
4 33 0
4 34 0
4 35 0
4 36 0
4 37 0
4 38 0
4 39 0
4 40 0
4 41 0
4 42 0
4 43 0
4 44 0
4 45 0
4 46 0
4 47 0
4 48 0
4 49 0
4 50 0
4 51 0
4 52 0
4 53 0
4 54 0
4 55 0
4 56 0
4 57 0
4 58 0
4 59 0
5 0 0
5 1 0
5 2 0
5 3 16.5722
5 4 77.5234
5 5 43.9174
5 6 11.6116
5 7 2.27789
5 8 2.67838
5 9 0
5 10 0
5 11 0
5 12 0
5 13 0
5 14 0
5 15 0
5 16 0
5 17 0
5 18 0
5 19 0
5 20 0
5 21 0
5 22 0
5 23 0
5 24 0
5 25 0
5 26 0
5 27 0
5 28 0
5 29 0
5 30 0
5 31 0
5 32 0
5 33 0
5 34 0
5 35 0
5 36 0
5 37 0
5 38 0
5 39 0
5 40 0
5 41 0
5 42 0
5 43 0
5 44 0
5 45 0
5 46 0
5 47 0
5 48 0
5 49 0
5 50 0
5 51 0
5 52 0
5 53 0
5 54 0
5 55 0
5 56 0
5 57 0
5 58 0
5 59 0
6 0 0
6 1 0
6 2 0
6 3 5.53559
6 4 65.3365
6 5 120.432
6 6 112.331
6 7 29.5355
6 8 7.18221
6 9 6.12862
6 10 1.79488
6 11 0.00013542
6 12 0
6 13 0
6 14 0
6 15 0
6 16 0
6 17 0
6 18 0
6 19 0
6 20 0
6 21 0
6 22 0
6 23 0
6 24 0
6 25 0
6 26 0
6 27 0
6 28 0
6 29 0
6 30 0
6 31 0
6 32 0
6 33 0
6 34 0
6 35 0
6 36 0
6 37 0
6 38 0
6 39 0
6 40 0
6 41 0
6 42 0
6 43 0
6 44 0
6 45 0
6 46 0
6 47 0
6 48 0
6 49 0
6 50 0
6 51 0
6 52 0
6 53 0
6 54 0
6 55 0
6 56 0
6 57 0
6 58 0
6 59 0
7 0 0
7 1 0
7 2 0
7 3 1.56918
7 4 21.2001
7 5 112.297
7 6 214.525
7 7 171.995
7 8 55.9117
7 9 20.9163
7 10 9.91664
7 11 6.6729
7 12 1.87951
7 13 0
7 14 0
7 15 0
7 16 0
7 17 0
7 18 1.77497
7 19 0
7 20 0
7 21 0
7 22 0
7 23 0
7 24 0
7 25 0
7 26 0
7 27 0
7 28 0
7 29 0
7 30 0
7 31 0
7 32 0
7 33 0
7 34 0
7 35 0
7 36 0
7 37 0
7 38 0
7 39 0
7 40 0
7 41 0
7 42 0
7 43 0
7 44 0
7 45 0
7 46 0
7 47 0
7 48 0
7 49 0
7 50 0
7 51 0
7 52 0
7 53 0
7 54 0
7 55 0
7 56 0
7 57 0
7 58 0
7 59 0
8 0 0
8 1 0
8 2 0
8 3 0
8 4 37.7409
8 5 68.8168
8 6 152.282
8 7 275.682
8 8 271.675
8 9 87.5392
8 10 41.8749
8 11 21.7783
8 12 5.84098
8 13 3.04705
8 14 2.26506
8 15 0
8 16 0
8 17 0
8 18 0
8 19 1.61174
8 20 0
8 21 0
8 22 0
8 23 0
8 24 0
8 25 0
8 26 0
8 27 0
8 28 0
8 29 0
8 30 0
8 31 0
8 32 0
8 33 0
8 34 0
8 35 0
8 36 0
8 37 0
8 38 0
8 39 0
8 40 0
8 41 0
8 42 0
8 43 0
8 44 0
8 45 0
8 46 0
8 47 0
8 48 0
8 49 0
8 50 0
8 51 0
8 52 0
8 53 0
8 54 0
8 55 0
8 56 0
8 57 0
8 58 0
8 59 0
9 0 0
9 1 0
9 2 0
9 3 0
9 4 18.2098
9 5 40.9944
9 6 101.862
9 7 280.749
9 8 380.342
9 9 355.05
9 10 144.323
9 11 49.9869
9 12 16.027
9 13 12.0599
9 14 11.3003
9 15 4.34476
9 16 1.47968
9 17 1.45201
9 18 0
9 19 2.15043
9 20 0
9 21 0
9 22 0
9 23 0
9 24 0
9 25 1.27736
9 26 0
9 27 0
9 28 0
9 29 0
9 30 0
9 31 0
9 32 0
9 33 0
9 34 0
9 35 0
9 36 0
9 37 0
9 38 0
9 39 0
9 40 0
9 41 0
9 42 0
9 43 0
9 44 0
9 45 0
9 46 0
9 47 0
9 48 0
9 49 0
9 50 0
9 51 0
9 52 0
9 53 0
9 54 0
9 55 0
9 56 0
9 57 0
9 58 0
9 59 0
10 0 0
10 1 0
10 2 0
10 3 0
10 4 7.12852
10 5 46.8837
10 6 56.039
10 7 152.32
10 8 308.097
10 9 352.861
10 10 361.536
10 11 174.058
10 12 68.4608
10 13 34.7752
10 14 23.9471
10 15 13.8156
10 16 4.1736
10 17 1.39446
10 18 1.28565
10 19 1.39857
10 20 0
10 21 2.72935
10 22 0
10 23 0
10 24 0
10 25 0
10 26 1.4139
10 27 0
10 28 0
10 29 0
10 30 0
10 31 0
10 32 0
10 33 0
10 34 0
10 35 0
10 36 0
10 37 0
10 38 0
10 39 0
10 40 0
10 41 0
10 42 0
10 43 0
10 44 0
10 45 0
10 46 0
10 47 0
10 48 0
10 49 0
10 50 0
10 51 0
10 52 0
10 53 0
10 54 0
10 55 0
10 56 0
10 57 0
10 58 0
10 59 0
11 0 0
11 1 0
11 2 0
11 3 1.31544
11 4 1.35523
11 5 25.3849
11 6 48.4808
11 7 126.525
11 8 157.551
11 9 362.199
11 10 529.369
11 11 498.596
11 12 239.124
11 13 96.65
11 14 43.8644
11 15 27.745
11 16 10.1896
11 17 5.47746
11 18 3.98663
11 19 1.32331
11 20 1.35404
11 21 0.867813
11 22 1.26607
11 23 1.31007
11 24 0
11 25 1.38035
11 26 1
11 27 0
11 28 0
11 29 0
11 30 0
11 31 0
11 32 0
11 33 0
11 34 0
11 35 0
11 36 0
11 37 0
11 38 0
11 39 0
11 40 0
11 41 0
11 42 0
11 43 0
11 44 0
11 45 0
11 46 0
11 47 0
11 48 0
11 49 0
11 50 0
11 51 0
11 52 0
11 53 0
11 54 0
11 55 0
11 56 0
11 57 0
11 58 0
11 59 0
12 0 0
12 1 0
12 2 0
12 3 0
12 4 6.95393
12 5 16.005
12 6 58.9673
12 7 70.1176
12 8 172.193
12 9 276.644
12 10 448.085
12 11 571.708
12 12 533.142
12 13 284.031
12 14 133.622
12 15 50.3647
12 16 19.8596
12 17 17.3837
12 18 9.21134
12 19 5.18754
12 20 2.38952
12 21 1.32448
12 22 8.89737
12 23 2.45575
12 24 2.31472
12 25 1.25228
12 26 1.28185
12 27 0
12 28 1.33038
12 29 0
12 30 0
12 31 0
12 32 0
12 33 0
12 34 1.30711
12 35 0
12 36 0
12 37 0
12 38 0
12 39 0
12 40 0
12 41 0
12 42 0
12 43 0
12 44 0
12 45 0
12 46 0
12 47 0
12 48 0
12 49 0
12 50 0
12 51 0
12 52 0
12 53 0
12 54 0
12 55 0
12 56 0
12 57 0
12 58 0
12 59 0
13 0 0
13 1 0
13 2 0
13 3 0
13 4 4.55877
13 5 13.8521
13 6 24.064
13 7 82.9182
13 8 133.823
13 9 216.759
13 10 309.045
13 11 496.156
13 12 661.665
13 13 602.512
13 14 358.847
13 15 166.726
13 16 69.3065
13 17 39.6642
13 18 38.3263
13 19 16.4198
13 20 11.0495
13 21 7.39063
13 22 7.38208
13 23 3.68627
13 24 2.9179
13 25 1
13 26 1.0006
13 27 0
13 28 1.30924
13 29 0
13 30 0
13 31 0
13 32 0
13 33 0
13 34 0
13 35 0
13 36 0
13 37 0
13 38 0
13 39 0
13 40 0
13 41 0
13 42 0
13 43 0
13 44 0
13 45 0
13 46 0
13 47 0
13 48 0
13 49 0
13 50 0
13 51 0
13 52 0
13 53 0
13 54 0
13 55 0
13 56 0
13 57 0
13 58 0
13 59 0
14 0 0
14 1 0
14 2 0
14 3 0
14 4 0.122979
14 5 16.421
14 6 21.2607
14 7 36.911
14 8 93.3161
14 9 155.209
14 10 276.051
14 11 381.154
14 12 527.199
14 13 601.826
14 14 590.135
14 15 347.929
14 16 163.438
14 17 106.021
14 18 77.3516
14 19 28.9208
14 20 17.2288
14 21 9.25227
14 22 7.91311
14 23 3.89687
14 24 5.46325
14 25 3.05188
14 26 2.25671
14 27 1.70551
14 28 2.41519
14 29 0
14 30 1.53837
14 31 0
14 32 2.20226
14 33 2.54875
14 34 1.2614
14 35 0
14 36 0
14 37 0
14 38 1.2463
14 39 0
14 40 0
14 41 0
14 42 0
14 43 0
14 44 0
14 45 1.24803
14 46 0
14 47 0
14 48 0
14 49 0
14 50 0
14 51 0
14 52 0
14 53 0
14 54 0
14 55 0
14 56 0
14 57 0
14 58 0
14 59 0
15 0 0
15 1 0
15 2 0
15 3 0
15 4 1.27991
15 5 2.22608
15 6 18.9873
15 7 23.4768
15 8 55.0042
15 9 122.183
15 10 195.226
15 11 266.854
15 12 379.102
15 13 530.189
15 14 584.465
15 15 516.153
15 16 328.524
15 17 171.614
15 18 85.4926
15 19 33.997
15 20 27.0264
15 21 22.1184
15 22 7.83591
15 23 8.02484
15 24 6.534
15 25 4.00864
15 26 2.19555
15 27 1.17118
15 28 0.0067837
15 29 0.760113
15 30 2.32411
15 31 1.02542
15 32 1
15 33 2.5249
15 34 0
15 35 0.000221829
15 36 0
15 37 0
15 38 0
15 39 0
15 40 0
15 41 7.4855
15 42 0
15 43 0
15 44 0
15 45 1.81561
15 46 0
15 47 0
15 48 0
15 49 0
15 50 0
15 51 0
15 52 0
15 53 0
15 54 0
15 55 0
15 56 0
15 57 0
15 58 0
15 59 0
16 0 0
16 1 0
16 2 0
16 3 0
16 4 0
16 5 11.4599
16 6 12.9433
16 7 16.1656
16 8 49.2544
16 9 97.1052
16 10 125.623
16 11 220.974
16 12 332.272
16 13 388.603
16 14 554.175
16 15 663.716
16 16 478.808
16 17 389.42
16 18 135.543
16 19 105.551
16 20 66.6556
16 21 32.043
16 22 19.3168
16 23 15.0876
16 24 7.77975
16 25 4.77321
16 26 12.1572
16 27 3.1001
16 28 1.22082
16 29 3.60882
16 30 1.19403
16 31 2.42324
16 32 1.16356
16 33 1.26035
16 34 0
16 35 0
16 36 0
16 37 1.17263
16 38 1.22016
16 39 0
16 40 0
16 41 0
16 42 0
16 43 0
16 44 0
16 45 0
16 46 0
16 47 0
16 48 0
16 49 0
16 50 0
16 51 0
16 52 0
16 53 0
16 54 0
16 55 0
16 56 0
16 57 0
16 58 0
16 59 0
17 0 0
17 1 0
17 2 0
17 3 0
17 4 0
17 5 2
17 6 2.40841
17 7 11.6546
17 8 33.0557
17 9 60.7595
17 10 88.0884
17 11 136.963
17 12 233.9
17 13 299.227
17 14 455.615
17 15 561.559
17 16 591.772
17 17 464.233
17 18 342.739
17 19 174.853
17 20 86.2998
17 21 49.2246
17 22 28.2425
17 23 15.6182
17 24 8.03763
17 25 9.13072
17 26 8.86548
17 27 7.99606
17 28 4.81901
17 29 5.62653
17 30 0
17 31 3.43268
17 32 0
17 33 0
17 34 1.09293
17 35 2.19477
17 36 5.97435
17 37 0
17 38 0
17 39 0
17 40 0
17 41 0
17 42 0
17 43 0
17 44 0
17 45 0
17 46 0
17 47 0
17 48 0
17 49 0
17 50 0
17 51 0
17 52 0
17 53 0
17 54 0
17 55 0
17 56 0
17 57 0
17 58 0
17 59 0
18 0 0
18 1 0
18 2 0
18 3 0
18 4 4.81202
18 5 0
18 6 5.62238
18 7 5.16416
18 8 16.4988
18 9 37.12
18 10 65.1583
18 11 98.2811
18 12 194.231
18 13 242.023
18 14 312.903
18 15 464.724
18 16 529.047
18 17 548.399
18 18 497.276
18 19 353.139
18 20 163.694
18 21 110.32
18 22 72.3529
18 23 31.8651
18 24 19.1905
18 25 18.6711
18 26 13.6006
18 27 3.1657
18 28 7.38223
18 29 4.28324
18 30 4.25203
18 31 1.34594
18 32 1
18 33 2.16085
18 34 0
18 35 0
18 36 1.13277
18 37 0
18 38 1.1296
18 39 0
18 40 0
18 41 0
18 42 0
18 43 0.000106204
18 44 0
18 45 0
18 46 0
18 47 0
18 48 0
18 49 0
18 50 0
18 51 0
18 52 0
18 53 0
18 54 0
18 55 0
18 56 0
18 57 0
18 58 0
18 59 0
19 0 0
19 1 0
19 2 0
19 3 0
19 4 0
19 5 2
19 6 13.1136
19 7 1
19 8 17.6103
19 9 27.8453
19 10 45.8546
19 11 83.4517
19 12 131.021
19 13 170.263
19 14 283.778
19 15 325.233
19 16 414.832
19 17 512.963
19 18 554.66
19 19 458.97
19 20 329.02
19 21 204.007
19 22 107.153
19 23 59.4392
19 24 34.5805
19 25 10.5629
19 26 7.82921
19 27 7.63845
19 28 7.72317
19 29 9.09664
19 30 1.25734
19 31 8.10886
19 32 3.16065
19 33 3.30782
19 34 0.368439
19 35 3.20598
19 36 1.18782
19 37 2.28618
19 38 0
19 39 0
19 40 1.19406
19 41 1
19 42 0
19 43 0
19 44 0
19 45 0
19 46 0
19 47 0
19 48 0
19 49 0
19 50 0
19 51 0
19 52 1.41339
19 53 0
19 54 0
19 55 0
19 56 0
19 57 0
19 58 0
19 59 0
20 0 0
20 1 0
20 2 0
20 3 0
20 4 0
20 5 0
20 6 3.48888
20 7 5.46109
20 8 11.2136
20 9 13.4012
20 10 35.0793
20 11 55.9301
20 12 108.215
20 13 135.734
20 14 201.793
20 15 265.435
20 16 340.582
20 17 482.09
20 18 518.534
20 19 476.647
20 20 496.54
20 21 334.178
20 22 199.278
20 23 82.0626
20 24 69.5214
20 25 44.6979
20 26 17.2297
20 27 16.738
20 28 13.7824
20 29 7.73038
20 30 5.46346
20 31 4.45356
20 32 7.85692
20 33 3.46164
20 34 1.05147
20 35 1.0644
20 36 0
20 37 0.0989846
20 38 1.17501
20 39 0
20 40 2.1472
20 41 1
20 42 0
20 43 0
20 44 0
20 45 0
20 46 0
20 47 0
20 48 0
20 49 1.06466
20 50 0
20 51 1.20683
20 52 1
20 53 0
20 54 0
20 55 0
20 56 0
20 57 0
20 58 0
20 59 0
21 0 0
21 1 0
21 2 0
21 3 0
21 4 0
21 5 2
21 6 3.0013
21 7 4.75746
21 8 4.34059
21 9 12.4499
21 10 24.829
21 11 27.2305
21 12 58.3079
21 13 101.73
21 14 146.288
21 15 182.243
21 16 271.65
21 17 349.638
21 18 414.041
21 19 499.104
21 20 501.331
21 21 408.607
21 22 299.454
21 23 198.229
21 24 99.2357
21 25 68.0154
21 26 53.6538
21 27 15.624
21 28 18.382
21 29 20.4148
21 30 7.79495
21 31 5.5606
21 32 3.4578
21 33 5.02511
21 34 1.1619
21 35 3.96996
21 36 1.2293
21 37 3.23738
21 38 1.32403
21 39 0
21 40 1.10424
21 41 0
21 42 0
21 43 0
21 44 0
21 45 0
21 46 0
21 47 0
21 48 1.1305
21 49 0
21 50 1.15257
21 51 0
21 52 0
21 53 0
21 54 0
21 55 0
21 56 0
21 57 0
21 58 0
21 59 0
22 0 0
22 1 0
22 2 0
22 3 0
22 4 0
22 5 1.17623
22 6 0
22 7 3.45306
22 8 10.873
22 9 19.2677
22 10 12.984
22 11 33.1627
22 12 35.6621
22 13 77.967
22 14 127.42
22 15 143.353
22 16 196.586
22 17 255.237
22 18 348.916
22 19 484.873
22 20 474.302
22 21 474.425
22 22 460.71
22 23 320.839
22 24 168.903
22 25 106.359
22 26 68.8047
22 27 43.0365
22 28 24.2457
22 29 24.1186
22 30 12.5245
22 31 17.8462
22 32 12.4651
22 33 3.16846
22 34 2.38065
22 35 11.3396
22 36 5.10859
22 37 5.59597
22 38 1
22 39 4.00439
22 40 0.388826
22 41 1.24031
22 42 0
22 43 1
22 44 0
22 45 0
22 46 0
22 47 1
22 48 0
22 49 0
22 50 0
22 51 0
22 52 0
22 53 0
22 54 0
22 55 0
22 56 0
22 57 1
22 58 0
22 59 0
23 0 0
23 1 0
23 2 0
23 3 0
23 4 0
23 5 0
23 6 1
23 7 1
23 8 2.17495
23 9 17.6238
23 10 14.7708
23 11 18.998
23 12 31.3399
23 13 62.9874
23 14 67.3694
23 15 126.569
23 16 163.055
23 17 228.458
23 18 298.363
23 19 433.931
23 20 468.933
23 21 502.829
23 22 532.283
23 23 388.602
23 24 324.121
23 25 151.631
23 26 127.111
23 27 63.4684
23 28 46.5132
23 29 35.0432
23 30 23.8908
23 31 10.9161
23 32 12.5705
23 33 7.31231
23 34 20.6487
23 35 4.2101
23 36 6.22598
23 37 1
23 38 1
23 39 4.65228
23 40 2.12293
23 41 0
23 42 4.08459
23 43 0.0103945
23 44 0
23 45 0
23 46 1
23 47 0
23 48 0
23 49 0
23 50 0
23 51 0
23 52 0
23 53 0
23 54 0
23 55 0
23 56 0
23 57 0
23 58 0
23 59 0
24 0 0
24 1 0
24 2 0
24 3 0
24 4 0
24 5 1
24 6 2
24 7 2
24 8 1
24 9 9.7695
24 10 12.6261
24 11 10.7874
24 12 26.8902
24 13 39.8512
24 14 65.9669
24 15 77.455
24 16 156.387
24 17 176.334
24 18 182.618
24 19 226.154
24 20 371.617
24 21 455.635
24 22 510.182
24 23 419.997
24 24 401.42
24 25 278.861
24 26 233.293
24 27 101.81
24 28 80.9891
24 29 38.548
24 30 28.8365
24 31 23.9022
24 32 13.3049
24 33 8.6119
24 34 2.09311
24 35 13.1324
24 36 5.31386
24 37 2.23173
24 38 1
24 39 3.24427
24 40 0
24 41 0
24 42 0.0309999
24 43 0
24 44 0
24 45 0
24 46 0
24 47 0
24 48 0
24 49 0
24 50 0
24 51 0
24 52 0
24 53 0
24 54 0
24 55 1.11838
24 56 0
24 57 0
24 58 0
24 59 0
25 0 0
25 1 0
25 2 0
25 3 0
25 4 0
25 5 1
25 6 3
25 7 0
25 8 4
25 9 9.9035
25 10 2.97378
25 11 5.25284
25 12 26.561
25 13 28.8362
25 14 47.0923
25 15 81.2356
25 16 128.292
25 17 139.064
25 18 170.014
25 19 230.391
25 20 327.724
25 21 318.187
25 22 376.708
25 23 452.488
25 24 405.975
25 25 306.334
25 26 248.361
25 27 180.852
25 28 77.4818
25 29 57.6964
25 30 25.4181
25 31 25.9686
25 32 18.5212
25 33 6.16861
25 34 10.9002
25 35 6.55966
25 36 4.3188
25 37 3.49135
25 38 2.23948e-13
25 39 3.14304
25 40 1
25 41 1.19242
25 42 0
25 43 0
25 44 2.18034
25 45 0
25 46 0
25 47 0
25 48 1
25 49 1
25 50 0
25 51 0
25 52 0
25 53 0
25 54 0
25 55 0
25 56 0
25 57 0
25 58 0
25 59 0
26 0 0
26 1 0
26 2 0
26 3 0
26 4 0
26 5 0
26 6 1
26 7 2.15116
26 8 5.14985
26 9 2.23909
26 10 5
26 11 4.20525
26 12 10.4727
26 13 48.7858
26 14 23.8445
26 15 50.5674
26 16 56.9581
26 17 96.9887
26 18 142.382
26 19 166
26 20 210.081
26 21 295.16
26 22 340.629
26 23 332.026
26 24 404.195
26 25 399.375
26 26 357.713
26 27 259.549
26 28 195.246
26 29 115.689
26 30 73.6583
26 31 65.2608
26 32 16.8968
26 33 11.5693
26 34 8.49454
26 35 20.4917
26 36 7.19178
26 37 6.51061
26 38 9.54733
26 39 6.82369
26 40 9.36331
26 41 4.43544
26 42 2.32715
26 43 8.2158
26 44 4.30431
26 45 1.14257
26 46 0
26 47 0
26 48 1.13593
26 49 0
26 50 0
26 51 0
26 52 0
26 53 0
26 54 0
26 55 0
26 56 0
26 57 0
26 58 0
26 59 0
27 0 0
27 1 0
27 2 0
27 3 0
27 4 0
27 5 0
27 6 2.14633
27 7 0
27 8 1
27 9 4
27 10 7.36344
27 11 10.2417
27 12 4.25495
27 13 16.8198
27 14 30.8795
27 15 39.3072
27 16 54.8741
27 17 83.4966
27 18 112.985
27 19 100.916
27 20 206.018
27 21 249.048
27 22 277.194
27 23 299.174
27 24 386.646
27 25 347.719
27 26 412.521
27 27 272.791
27 28 309.741
27 29 172.685
27 30 143.952
27 31 67.499
27 32 60.5567
27 33 29.6557
27 34 12.6846
27 35 12.9224
27 36 11.2407
27 37 4.29253
27 38 18.4887
27 39 6.5919
27 40 3.12434
27 41 4.27539
27 42 8.80031
27 43 1
27 44 1.22762
27 45 2.12684
27 46 3.35282
27 47 1.06407
27 48 0
27 49 0
27 50 0
27 51 1.12013
27 52 0
27 53 0
27 54 8.62112
27 55 0
27 56 0
27 57 1
27 58 0
27 59 0
28 0 0
28 1 0
28 2 0
28 3 0
28 4 0
28 5 1
28 6 3
28 7 2
28 8 1.38274
28 9 7
28 10 3.26517
28 11 3.1674
28 12 9.08811
28 13 10.631
28 14 21.9285
28 15 33.8884
28 16 48.6951
28 17 71.9726
28 18 71.7539
28 19 89.5818
28 20 133.132
28 21 220.025
28 22 190.297
28 23 237.471
28 24 283.817
28 25 344.651
28 26 365.332
28 27 351.204
28 28 305.879
28 29 215.559
28 30 138.942
28 31 124.827
28 32 73.8977
28 33 35.0991
28 34 35.9618
28 35 30.2361
28 36 20.2434
28 37 10.7749
28 38 14.1251
28 39 3.99274
28 40 11.5447
28 41 15.6003
28 42 5.34167
28 43 1.6398
28 44 0
28 45 3.17722
28 46 0
28 47 0
28 48 0
28 49 0
28 50 0
28 51 0
28 52 0
28 53 2.04318
28 54 0
28 55 0
28 56 0
28 57 0
28 58 0
28 59 0
29 0 0
29 1 0
29 2 0
29 3 0
29 4 0
29 5 2
29 6 0
29 7 2
29 8 4
29 9 5
29 10 5.0281
29 11 7.26306
29 12 10.2954
29 13 8
29 14 15.083
29 15 25.9428
29 16 34.3556
29 17 37.3591
29 18 56.8497
29 19 84.3586
29 20 93.771
29 21 157.258
29 22 199.448
29 23 200.559
29 24 246.016
29 25 343.123
29 26 380.197
29 27 273.407
29 28 311.515
29 29 249.452
29 30 230.834
29 31 135.497
29 32 106.224
29 33 66.7989
29 34 43.4365
29 35 31.338
29 36 21.9944
29 37 19.0796
29 38 9.5165
29 39 11.6723
29 40 3.0252
29 41 2.18729
29 42 1
29 43 7.8587
29 44 1
29 45 2.31237
29 46 2.14708
29 47 3.41385
29 48 1.58598
29 49 2.2772
29 50 0.0406922
29 51 1
29 52 0
29 53 1
29 54 0.919647
29 55 0
29 56 0
29 57 0
29 58 0
29 59 0
30 0 0
30 1 0
30 2 0
30 3 0
30 4 1
30 5 4
30 6 1
30 7 1
30 8 4
30 9 4.37705
30 10 2
30 11 5
30 12 6.38774
30 13 6.14672
30 14 8.53452
30 15 14.1337
30 16 20.8629
30 17 38.3996
30 18 40.9578
30 19 45.0444
30 20 79.4978
30 21 93.1188
30 22 139.295
30 23 140.123
30 24 232.481
30 25 244.878
30 26 251.825
30 27 305.752
30 28 291.427
30 29 240.142
30 30 263.129
30 31 202.969
30 32 140.225
30 33 99.473
30 34 67.8833
30 35 33.6869
30 36 29.5555
30 37 25.2292
30 38 26.5609
30 39 6.61195
30 40 9.2695
30 41 8.74503
30 42 4
30 43 2.88433
30 44 3.13124
30 45 4.24904
30 46 0
30 47 0
30 48 1
30 49 0
30 50 2
30 51 0
30 52 0
30 53 1.06599
30 54 0
30 55 0
30 56 0
30 57 0
30 58 0
30 59 0
31 0 0
31 1 0
31 2 0
31 3 0
31 4 1
31 5 0
31 6 3
31 7 1.14869
31 8 2
31 9 5
31 10 5.23892
31 11 3.28194
31 12 4.16979
31 13 7.45064
31 14 10.6769
31 15 10.5044
31 16 18.4064
31 17 26.3053
31 18 39.817
31 19 42.4377
31 20 64.8447
31 21 96.8582
31 22 120.399
31 23 138.851
31 24 156.381
31 25 192.037
31 26 233.14
31 27 241.283
31 28 318.335
31 29 309.44
31 30 248.736
31 31 235.849
31 32 214.92
31 33 151.869
31 34 89.7062
31 35 63.7191
31 36 33.9148
31 37 19.6508
31 38 11.4896
31 39 16.7425
31 40 13.96
31 41 4.35762
31 42 3.12048
31 43 5.56302
31 44 4.41444
31 45 2.16129
31 46 3.32227
31 47 2.21006
31 48 0
31 49 1
31 50 1.10165
31 51 0
31 52 0
31 53 1
31 54 1.10844
31 55 0
31 56 0
31 57 0
31 58 0
31 59 0
32 0 0
32 1 0
32 2 0
32 3 0
32 4 0
32 5 0
32 6 4
32 7 3.09682
32 8 0
32 9 2.23551
32 10 9.33791
32 11 5
32 12 6.49777
32 13 5.08592
32 14 11.2491
32 15 14.6486
32 16 14.9664
32 17 21.3633
32 18 26.5422
32 19 28.1681
32 20 43.4952
32 21 58.3761
32 22 90.3133
32 23 92.8393
32 24 161.024
32 25 143.328
32 26 209.945
32 27 205.648
32 28 230.984
32 29 276.735
32 30 312.964
32 31 286.289
32 32 241.318
32 33 213.386
32 34 122.37
32 35 77.6634
32 36 74.5068
32 37 51.5002
32 38 45.7157
32 39 19.3962
32 40 16.8787
32 41 7.31818
32 42 6.25579
32 43 10.2465
32 44 5.97131
32 45 2.58698
32 46 6.21567
32 47 2
32 48 6.36637
32 49 0
32 50 1.14605
32 51 0
32 52 2
32 53 0
32 54 0
32 55 0
32 56 2
32 57 0
32 58 0
32 59 0
33 0 0
33 1 0
33 2 0
33 3 0
33 4 1
33 5 1
33 6 2.24252
33 7 5
33 8 3
33 9 4.19857
33 10 3
33 11 3.0178
33 12 5.06199
33 13 6
33 14 4.2536
33 15 9.27641
33 16 18.836
33 17 11.7529
33 18 26.5949
33 19 32.7573
33 20 33.2013
33 21 44.1015
33 22 53.8481
33 23 73.6579
33 24 92.2616
33 25 149.889
33 26 115.432
33 27 185.459
33 28 164.849
33 29 236.098
33 30 232.791
33 31 242.388
33 32 241.236
33 33 202.074
33 34 143.701
33 35 137.204
33 36 112.137
33 37 46.6992
33 38 24.9057
33 39 31.9023
33 40 27.5857
33 41 33.2599
33 42 10.4189
33 43 2.87443
33 44 1.46859
33 45 3.42466
33 46 0
33 47 3.38082
33 48 2.07007
33 49 1
33 50 0
33 51 0
33 52 1
33 53 0
33 54 0
33 55 0
33 56 0
33 57 0
33 58 0
33 59 0
34 0 0
34 1 0
34 2 0
34 3 0
34 4 0
34 5 2
34 6 1.20975
34 7 1
34 8 3.07257
34 9 1
34 10 3
34 11 1
34 12 3.28008
34 13 10.3406
34 14 7.13235
34 15 12.6502
34 16 10.4353
34 17 14.2188
34 18 21.4948
34 19 22.7941
34 20 31.2765
34 21 42.4385
34 22 39.1025
34 23 59.4535
34 24 73.5077
34 25 94.4996
34 26 117.437
34 27 131.353
34 28 190.17
34 29 186.821
34 30 219.539
34 31 230.46
34 32 202.172
34 33 212.782
34 34 185.974
34 35 175.805
34 36 121.771
34 37 86.3597
34 38 43.0158
34 39 28.3231
34 40 24.1544
34 41 17.2452
34 42 12.385
34 43 16.7705
34 44 7.6709
34 45 3.12105
34 46 3.24393
34 47 2
34 48 0.00391265
34 49 2.46786
34 50 1.12839
34 51 2.24285
34 52 3
34 53 1
34 54 2.25512
34 55 0
34 56 1.26888
34 57 0
34 58 0
34 59 0
35 0 0
35 1 0
35 2 0
35 3 0
35 4 0
35 5 0
35 6 1
35 7 4
35 8 4
35 9 5
35 10 2
35 11 2
35 12 4.01793
35 13 3
35 14 2
35 15 5.0879
35 16 6.5185
35 17 9.46021
35 18 16.3259
35 19 20.8462
35 20 24.8282
35 21 20.2629
35 22 45.2584
35 23 69.4436
35 24 64.2038
35 25 67.987
35 26 102.053
35 27 136.202
35 28 149.851
35 29 180.765
35 30 199.138
35 31 228.057
35 32 200.742
35 33 199.205
35 34 191.47
35 35 197.98
35 36 193.08
35 37 128.041
35 38 58.753
35 39 56.3949
35 40 37.0186
35 41 22.2589
35 42 11.1409
35 43 17.9642
35 44 8.12642
35 45 9.44736
35 46 1.1428
35 47 1.15953
35 48 2
35 49 4.39605
35 50 0
35 51 1
35 52 2.50465
35 53 1.02232
35 54 0
35 55 0
35 56 0
35 57 0
35 58 1.1947
35 59 1
36 0 0
36 1 0
36 2 0
36 3 0
36 4 0
36 5 0
36 6 1
36 7 0
36 8 0
36 9 5.18267
36 10 5.28689
36 11 6
36 12 4
36 13 1
36 14 8
36 15 7.264
36 16 5.31172
36 17 10.4108
36 18 12
36 19 11.2034
36 20 23.8259
36 21 33.0054
36 22 30.5475
36 23 48.5087
36 24 44.3272
36 25 65.468
36 26 82.2221
36 27 119.509
36 28 99.4038
36 29 143.473
36 30 149.171
36 31 184.465
36 32 193.254
36 33 187.065
36 34 204.321
36 35 204.604
36 36 178.543
36 37 160.728
36 38 119.932
36 39 102.962
36 40 68.7308
36 41 30.8614
36 42 36.9658
36 43 18.5531
36 44 10.2403
36 45 5.13126
36 46 8.19343
36 47 2
36 48 3.08756
36 49 1.0753
36 50 4.63967
36 51 2
36 52 0.00112068
36 53 1
36 54 2.34924
36 55 3
36 56 2.12551
36 57 1.11595
36 58 0
36 59 1
37 0 0
37 1 0
37 2 0
37 3 0
37 4 0
37 5 0
37 6 0
37 7 5.16584
37 8 2
37 9 3
37 10 1
37 11 5.26707
37 12 2
37 13 4
37 14 5
37 15 2.27129
37 16 7.23504
37 17 11.7414
37 18 17.708
37 19 10.1152
37 20 20.662
37 21 22.625
37 22 13.8972
37 23 22.3362
37 24 42.2967
37 25 44.1702
37 26 64.1154
37 27 59.6169
37 28 59.4697
37 29 133.813
37 30 133.748
37 31 112.067
37 32 160.768
37 33 162.867
37 34 159.411
37 35 169.706
37 36 188.264
37 37 130.445
37 38 98.8201
37 39 103.466
37 40 73.5078
37 41 36.5276
37 42 44.8344
37 43 21.9752
37 44 28.8517
37 45 7.58019
37 46 7.89374
37 47 10.6181
37 48 9.5536
37 49 1.01274
37 50 2.06713
37 51 0
37 52 3.35762
37 53 3
37 54 1
37 55 0
37 56 0
37 57 1.19293
37 58 0
37 59 1.34375
38 0 0
38 1 0
38 2 0
38 3 0
38 4 0
38 5 1
38 6 0
38 7 0
38 8 1
38 9 1
38 10 2
38 11 1
38 12 6.23441
38 13 5
38 14 5.27683
38 15 5.26792
38 16 6
38 17 7.3325
38 18 10
38 19 23.2972
38 20 10.2259
38 21 20.7853
38 22 26.6017
38 23 26.7557
38 24 37.2123
38 25 32.9802
38 26 85.684
38 27 56.7834
38 28 87.9328
38 29 89.3711
38 30 104.837
38 31 101.906
38 32 144.047
38 33 158.323
38 34 193.945
38 35 166.352
38 36 187.394
38 37 196.53
38 38 160.436
38 39 118.008
38 40 116.276
38 41 103.304
38 42 54.1493
38 43 46.831
38 44 27.7103
38 45 15.7131
38 46 10.3031
38 47 8.67735
38 48 9.3854
38 49 5.67814
38 50 4.05032
38 51 2
38 52 3.35671
38 53 0
38 54 3.02994
38 55 0
38 56 1
38 57 2
38 58 3
38 59 1.09973
39 0 0
39 1 0
39 2 0
39 3 0
39 4 0
39 5 0
39 6 0
39 7 1
39 8 1
39 9 1
39 10 4
39 11 2
39 12 3.19331
39 13 2
39 14 3.33127
39 15 4
39 16 8.29039
39 17 6
39 18 6
39 19 9.4505
39 20 13.4997
39 21 10.4134
39 22 18.4195
39 23 21.7298
39 24 36.2621
39 25 32.993
39 26 39.3705
39 27 51.5022
39 28 83.6091
39 29 75.3754
39 30 88.2744
39 31 85.2584
39 32 145.818
39 33 146.996
39 34 142.403
39 35 175.38
39 36 167.631
39 37 128.392
39 38 175.771
39 39 132.815
39 40 98.5042
39 41 85.928
39 42 67.1642
39 43 51.5263
39 44 31.4071
39 45 30.2872
39 46 13.8967
39 47 15.4677
39 48 6.51148
39 49 5.48389
39 50 3.21609
39 51 6
39 52 5.31254
39 53 0
39 54 3.23216
39 55 0.39525
39 56 0
39 57 0
39 58 1.13664
39 59 1.09854
40 0 0
40 1 0
40 2 0
40 3 0
40 4 0
40 5 2
40 6 1
40 7 1
40 8 2
40 9 4
40 10 2
40 11 2
40 12 3
40 13 4
40 14 6
40 15 3
40 16 4
40 17 5
40 18 5.28738
40 19 7.32564
40 20 8.50688
40 21 19.7879
40 22 10.507
40 23 21.229
40 24 20.5498
40 25 36.7878
40 26 24.4272
40 27 58.8372
40 28 42.5288
40 29 59.9195
40 30 69.1989
40 31 77.6814
40 32 108.335
40 33 114.186
40 34 126.813
40 35 156.196
40 36 162.156
40 37 150.953
40 38 193.907
40 39 133.883
40 40 115.756
40 41 127.371
40 42 100.105
40 43 84.8852
40 44 40.8679
40 45 25.2782
40 46 22.18
40 47 16.9816
40 48 27.0485
40 49 10.8454
40 50 14.8259
40 51 12.3774
40 52 6.82382
40 53 1.14059
40 54 2
40 55 4.55137
40 56 1
40 57 1
40 58 2
40 59 0
41 0 0
41 1 0
41 2 0
41 3 0
41 4 0
41 5 0
41 6 0
41 7 0
41 8 2
41 9 1
41 10 1
41 11 3
41 12 1
41 13 4.24104
41 14 1
41 15 4
41 16 2
41 17 7
41 18 3
41 19 8.81884
41 20 11.3437
41 21 11.2633
41 22 10.476
41 23 13.2446
41 24 11.1312
41 25 16.1931
41 26 20.6495
41 27 38.93
41 28 31.4468
41 29 62.2699
41 30 79.4468
41 31 62.1464
41 32 83.9752
41 33 85.3136
41 34 105.527
41 35 162.347
41 36 136.968
41 37 142.547
41 38 143.914
41 39 119.879
41 40 112.11
41 41 89.5139
41 42 112.941
41 43 73.741
41 44 40.4445
41 45 35.2557
41 46 22.9
41 47 29.9925
41 48 15.5468
41 49 16.0873
41 50 18.5279
41 51 11.121
41 52 4.12083
41 53 4.18393
41 54 3.47948
41 55 12.0001
41 56 0
41 57 1
41 58 1.09975
41 59 0
42 0 0
42 1 0
42 2 0
42 3 0
42 4 0
42 5 0
42 6 0
42 7 0
42 8 0
42 9 0
42 10 1
42 11 4
42 12 4
42 13 3
42 14 4
42 15 1
42 16 4.06604
42 17 7.30564
42 18 6
42 19 8.28895
42 20 9.23613
42 21 8.32022
42 22 14.7497
42 23 16.6379
42 24 13.1974
42 25 8.45966
42 26 22.9876
42 27 21.9319
42 28 29.7218
42 29 28.9406
42 30 43.867
42 31 57.9862
42 32 40.6946
42 33 76.682
42 34 63.8472
42 35 77.3518
42 36 111.859
42 37 130.992
42 38 137.632
42 39 106.429
42 40 115.19
42 41 115.309
42 42 88.0886
42 43 75.9778
42 44 86.2121
42 45 65.3175
42 46 41.21
42 47 25.2435
42 48 20.4786
42 49 10.4594
42 50 2.12022
42 51 7.71403
42 52 5.00192
42 53 2
42 54 6.4302
42 55 1
42 56 1.03746
42 57 1.15832
42 58 1.1069
42 59 0
43 0 0
43 1 0
43 2 0
43 3 0
43 4 0
43 5 0
43 6 0
43 7 0
43 8 1
43 9 1
43 10 0
43 11 2
43 12 2.23384
43 13 1
43 14 1
43 15 4
43 16 11.7223
43 17 6
43 18 7.29274
43 19 6
43 20 5.25579
43 21 6.58878
43 22 10
43 23 6.3395
43 24 17.7646
43 25 21.8183
43 26 22.9728
43 27 21.425
43 28 20.3956
43 29 23.6211
43 30 44.1358
43 31 45.9927
43 32 46.7871
43 33 45.6768
43 34 57.1428
43 35 82.8793
43 36 113.949
43 37 95.3823
43 38 110.03
43 39 102.262
43 40 119.27
43 41 90.0125
43 42 111.649
43 43 96.5924
43 44 92.1221
43 45 84.4161
43 46 41.5891
43 47 35.1826
43 48 18.6156
43 49 12.7729
43 50 19.0487
43 51 12.7261
43 52 7.77394
43 53 8.37543
43 54 3.31132
43 55 3.51359
43 56 1.06306e-17
43 57 2.04098
43 58 3.04838
43 59 2.05716
44 0 0
44 1 0
44 2 0
44 3 0
44 4 0
44 5 0
44 6 1
44 7 0
44 8 2
44 9 1
44 10 1
44 11 1
44 12 0
44 13 1
44 14 1
44 15 2
44 16 2
44 17 5
44 18 3
44 19 3
44 20 3
44 21 3.33904
44 22 8.28116
44 23 8
44 24 10.2889
44 25 10.9909
44 26 11
44 27 24.3835
44 28 16.198
44 29 23.0223
44 30 39.8288
44 31 34.4021
44 32 45.8088
44 33 44.6822
44 34 59.8937
44 35 72.3188
44 36 71.9939
44 37 107.562
44 38 92.208
44 39 119.901
44 40 148.075
44 41 100.742
44 42 112.274
44 43 78.1212
44 44 85.141
44 45 58.1789
44 46 62.7223
44 47 59.1082
44 48 46.8556
44 49 29.0275
44 50 13.1029
44 51 12.643
44 52 9.4041
44 53 13.0879
44 54 12.2215
44 55 3.40898
44 56 5.10722
44 57 3.12397
44 58 2.13504
44 59 2.11799
45 0 0
45 1 0
45 2 0
45 3 0
45 4 0
45 5 0
45 6 0
45 7 1
45 8 1
45 9 0
45 10 3.25156
45 11 0
45 12 3
45 13 4
45 14 2
45 15 3.1778
45 16 8
45 17 1
45 18 7.34489
45 19 2
45 20 3
45 21 9
45 22 5
45 23 5.34559
45 24 12.612
45 25 13.1541
45 26 11
45 27 12.1294
45 28 25.9358
45 29 27.1185
45 30 28.9222
45 31 21.8875
45 32 32.6216
45 33 46.0644
45 34 53.4053
45 35 49.2766
45 36 51.9158
45 37 76.2536
45 38 76.5229
45 39 88.9148
45 40 85.5305
45 41 93.3261
45 42 126.387
45 43 123.94
45 44 78.7035
45 45 108.315
45 46 67.9797
45 47 53.6684
45 48 42.2304
45 49 29.4109
45 50 49.1784
45 51 21.2601
45 52 12.6197
45 53 17.214
45 54 3
45 55 4.79171
45 56 8.21788
45 57 5.50422
45 58 2.05274
45 59 3.33031
46 0 0
46 1 0
46 2 0
46 3 0
46 4 0
46 5 0
46 6 0
46 7 0
46 8 0
46 9 0
46 10 1
46 11 1
46 12 3
46 13 1
46 14 3
46 15 0
46 16 1
46 17 6.34946
46 18 4.30318
46 19 2
46 20 7.27943
46 21 2.25087
46 22 4.33363
46 23 4.15882
46 24 7.28504
46 25 10.0374
46 26 13
46 27 12.237
46 28 24.6541
46 29 17
46 30 17.3057
46 31 30.8998
46 32 27.3629
46 33 38.5527
46 34 41.0074
46 35 39.6322
46 36 65.8503
46 37 73.5516
46 38 66.308
46 39 81.4702
46 40 84.6869
46 41 73.0309
46 42 117.274
46 43 102.146
46 44 115.148
46 45 78.3292
46 46 66.7
46 47 84.7085
46 48 53.8109
46 49 62.0187
46 50 30.3437
46 51 35.2314
46 52 20.8937
46 53 11.7732
46 54 7.56582
46 55 7.56269
46 56 2
46 57 2.29901
46 58 6.86544
46 59 7.26865
47 0 0
47 1 0
47 2 0
47 3 0
47 4 0
47 5 0
47 6 0
47 7 0
47 8 0
47 9 1
47 10 1
47 11 4
47 12 1
47 13 2
47 14 0
47 15 2
47 16 4.18433
47 17 7
47 18 5
47 19 3
47 20 2
47 21 1
47 22 4.28287
47 23 6
47 24 6.27407
47 25 8.50103
47 26 13.1814
47 27 8.31888
47 28 15.1903
47 29 17.6223
47 30 19.1733
47 31 20.4567
47 32 29.9002
47 33 32.4181
47 34 43.6357
47 35 49.969
47 36 58.8495
47 37 56.686
47 38 75.7224
47 39 66.5205
47 40 62.2172
47 41 79.0997
47 42 96.548
47 43 74.7927
47 44 110.049
47 45 88.8659
47 46 103.389
47 47 73.8803
47 48 71.7233
47 49 52.7677
47 50 41.5294
47 51 27.0025
47 52 18.7728
47 53 20.6979
47 54 21.5388
47 55 8.38013
47 56 9.36629
47 57 2
47 58 11.4742
47 59 8.3597
48 0 0
48 1 0
48 2 0
48 3 0
48 4 0
48 5 0
48 6 1
48 7 0
48 8 0
48 9 1
48 10 1
48 11 1
48 12 4
48 13 1
48 14 2
48 15 1
48 16 0
48 17 0
48 18 2
48 19 3
48 20 0
48 21 1
48 22 7
48 23 4
48 24 7
48 25 4
48 26 4.331
48 27 14
48 28 6
48 29 13
48 30 14
48 31 17
48 32 20.4461
48 33 29.2007
48 34 21.7529
48 35 35.6799
48 36 41.7035
48 37 31.6691
48 38 52.1315
48 39 51.2904
48 40 54.2745
48 41 67.1599
48 42 71.7705
48 43 63.8684
48 44 81.423
48 45 71.3288
48 46 63.3997
48 47 63.9144
48 48 90.1379
48 49 65.147
48 50 43.1287
48 51 39.8899
48 52 32.4426
48 53 12.062
48 54 23.6465
48 55 12.6148
48 56 9.71244
48 57 9.46861
48 58 3
48 59 1
49 0 0
49 1 0
49 2 0
49 3 0
49 4 1
49 5 0
49 6 0
49 7 0
49 8 0
49 9 0
49 10 0
49 11 1
49 12 1
49 13 0
49 14 1
49 15 2.18501
49 16 5
49 17 1
49 18 1
49 19 1
49 20 5.09644
49 21 4
49 22 6
49 23 5
49 24 4
49 25 5
49 26 12
49 27 10
49 28 10.7498
49 29 13.874
49 30 16.0252
49 31 24.6538
49 32 23.2318
49 33 21.2832
49 34 16.1494
49 35 25.9465
49 36 39.8494
49 37 29.9492
49 38 42.6585
49 39 48.6511
49 40 83.9158
49 41 56.5941
49 42 54.7321
49 43 68.7742
49 44 96.6489
49 45 83.1607
49 46 78.3521
49 47 54.3792
49 48 80.933
49 49 67.6263
49 50 57.1031
49 51 47.6301
49 52 46.6379
49 53 44.2086
49 54 25.7181
49 55 28.615
49 56 9.20153
49 57 6.3157
49 58 4.50614
49 59 10.3907
50 0 0
50 1 0
50 2 0
50 3 0
50 4 0
50 5 0
50 6 0
50 7 0
50 8 0
50 9 1
50 10 0
50 11 0
50 12 0
50 13 0
50 14 0
50 15 1
50 16 0
50 17 1
50 18 3
50 19 2
50 20 5
50 21 6
50 22 2
50 23 3
50 24 6
50 25 2
50 26 8
50 27 15
50 28 10
50 29 6.20928
50 30 11.3365
50 31 11.2985
50 32 13.2516
50 33 17.8994
50 34 28.0217
50 35 15.3844
50 36 30.1317
50 37 32.2585
50 38 48.8744
50 39 38.7084
50 40 42.7197
50 41 37.4042
50 42 41.6345
50 43 42.6714
50 44 64.3579
50 45 59.707
50 46 55.1221
50 47 70.2788
50 48 69.9068
50 49 58.6485
50 50 51.4675
50 51 71.7664
50 52 48.3675
50 53 37.7226
50 54 23.4707
50 55 21.7348
50 56 13.8323
50 57 16.4724
50 58 13.1834
50 59 4.14903
51 0 0
51 1 0
51 2 0
51 3 0
51 4 0
51 5 0
51 6 0
51 7 0
51 8 1
51 9 1
51 10 1
51 11 0
51 12 0
51 13 1
51 14 0
51 15 1
51 16 3
51 17 1
51 18 2
51 19 2.24322
51 20 0
51 21 3
51 22 3
51 23 8.33347
51 24 3
51 25 4
51 26 5
51 27 3
51 28 3.40504
51 29 4
51 30 13.1808
51 31 8
51 32 12
51 33 21.6305
51 34 20
51 35 20.2911
51 36 26.1414
51 37 22.5168
51 38 28.7118
51 39 35.5779
51 40 31.975
51 41 42.5731
51 42 44.6856
51 43 52.0207
51 44 58.8268
51 45 65.4757
51 46 69.7837
51 47 78.0281
51 48 76.2709
51 49 75.602
51 50 58.8531
51 51 71.2145
51 52 37.4017
51 53 32.75
51 54 33.365
51 55 26.9574
51 56 18.3337
51 57 18.1522
51 58 8.58333
51 59 9.44231
52 0 0
52 1 0
52 2 0
52 3 0
52 4 0
52 5 1
52 6 0
52 7 0
52 8 0
52 9 0
52 10 0
52 11 1
52 12 0
52 13 0
52 14 1
52 15 1.36016
52 16 0
52 17 0
52 18 4
52 19 3
52 20 2
52 21 2
52 22 1
52 23 3
52 24 4
52 25 2
52 26 5
52 27 2.27735
52 28 7
52 29 12
52 30 5
52 31 2
52 32 7.29262
52 33 14.6314
52 34 9.28922
52 35 14.8392
52 36 19.0036
52 37 25.6388
52 38 16.8718
52 39 20.4081
52 40 28.4663
52 41 28.6379
52 42 42.183
52 43 47.0076
52 44 54.9148
52 45 70.7164
52 46 59.6808
52 47 40.5102
52 48 52.5336
52 49 70.2012
52 50 56.8978
52 51 25.3847
52 52 48.0849
52 53 42.1588
52 54 46.0776
52 55 38.5706
52 56 13.3699
52 57 17.4005
52 58 13.2028
52 59 5.49838
53 0 0
53 1 0
53 2 0
53 3 0
53 4 0
53 5 0
53 6 0
53 7 0
53 8 0
53 9 1
53 10 0
53 11 1
53 12 1
53 13 1
53 14 0
53 15 2.12839
53 16 0
53 17 2
53 18 2
53 19 0
53 20 0
53 21 1
53 22 5.30259
53 23 8
53 24 2
53 25 8
53 26 2
53 27 7
53 28 4.31689
53 29 12.56
53 30 4
53 31 7
53 32 12.7367
53 33 9.23407
53 34 13.3213
53 35 18.1622
53 36 16.4281
53 37 16.6963
53 38 20.2379
53 39 25.6703
53 40 26.1534
53 41 27.1836
53 42 37.9542
53 43 51.1749
53 44 35.0481
53 45 58.6263
53 46 50.7759
53 47 71.6204
53 48 56.8012
53 49 76.5031
53 50 46.9445
53 51 54.9704
53 52 62.5859
53 53 40.5223
53 54 48.397
53 55 33.0066
53 56 20.8296
53 57 23.6818
53 58 24.9133
53 59 19.6512
54 0 0
54 1 0
54 2 0
54 3 0
54 4 0
54 5 0
54 6 0
54 7 0
54 8 0
54 9 1
54 10 0
54 11 0
54 12 0
54 13 1
54 14 0
54 15 0
54 16 1
54 17 0
54 18 1
54 19 1
54 20 2
54 21 2
54 22 0
54 23 2
54 24 2
54 25 5
54 26 4
54 27 1
54 28 3
54 29 5.34461
54 30 8
54 31 10
54 32 12.7726
54 33 6.26447
54 34 7.17761
54 35 20.7681
54 36 12.7529
54 37 9.16206
54 38 18.6143
54 39 23.9225
54 40 25.9077
54 41 19.3525
54 42 20.9651
54 43 26.5975
54 44 41.1564
54 45 40.5142
54 46 31.2262
54 47 49.7646
54 48 49.3032
54 49 54.8499
54 50 53.9195
54 51 53.9887
54 52 53.2025
54 53 55.5589
54 54 45.5868
54 55 51.7403
54 56 27.6013
54 57 20.0999
54 58 14.966
54 59 12.8265
55 0 0
55 1 0
55 2 0
55 3 0
55 4 0
55 5 0
55 6 0
55 7 0
55 8 0
55 9 0
55 10 2
55 11 0
55 12 1
55 13 0
55 14 0
55 15 1
55 16 0
55 17 1
55 18 0
55 19 1
55 20 1
55 21 3
55 22 1
55 23 4
55 24 0
55 25 2
55 26 4
55 27 1
55 28 4
55 29 6.463
55 30 7.25605
55 31 4.30733
55 32 5
55 33 8
55 34 10.5224
55 35 11
55 36 11.3132
55 37 11.3131
55 38 10.8377
55 39 12.5634
55 40 25.1912
55 41 14.2378
55 42 28.885
55 43 23.1869
55 44 42.4575
55 45 36.0209
55 46 27.137
55 47 34.8098
55 48 33.6279
55 49 30.1326
55 50 42.377
55 51 37.902
55 52 34.4661
55 53 47.8118
55 54 67.2895
55 55 23.6316
55 56 21.4424
55 57 35.1019
55 58 10.6106
55 59 14.4893
56 0 0
56 1 0
56 2 0
56 3 0
56 4 0
56 5 0
56 6 0
56 7 0
56 8 1
56 9 1
56 10 0
56 11 0
56 12 0
56 13 0
56 14 0
56 15 0
56 16 1
56 17 2
56 18 0
56 19 3
56 20 2
56 21 1
56 22 1
56 23 2
56 24 0
56 25 2
56 26 2
56 27 4.30274
56 28 2
56 29 2
56 30 6
56 31 1
56 32 6.14947
56 33 5.18734
56 34 2.00001
56 35 7.39402
56 36 7.18649
56 37 7
56 38 14.8129
56 39 11.5248
56 40 15.6028
56 41 11
56 42 21.6998
56 43 30.376
56 44 24.7581
56 45 38.5991
56 46 35.1024
56 47 41.6349
56 48 32.3922
56 49 38.1225
56 50 33.4489
56 51 37.634
56 52 36.5644
56 53 32.7096
56 54 52.9191
56 55 37.1549
56 56 30.6188
56 57 27.0301
56 58 27.3178
56 59 23.1919
57 0 0
57 1 0
57 2 0
57 3 0
57 4 0
57 5 0
57 6 0
57 7 0
57 8 0
57 9 0
57 10 0
57 11 0
57 12 0
57 13 0
57 14 5
57 15 0
57 16 0
57 17 1
57 18 1
57 19 0
57 20 1
57 21 2
57 22 0
57 23 2
57 24 3
57 25 2
57 26 6.39913
57 27 3
57 28 0
57 29 2
57 30 2
57 31 5
57 32 4
57 33 2
57 34 5.45014
57 35 8
57 36 8.29695
57 37 7.22642
57 38 14.2684
57 39 7.19809
57 40 10.754
57 41 23.6684
57 42 9.30526
57 43 17.8453
57 44 22
57 45 31.5018
57 46 21.4314
57 47 20.7789
57 48 26.3363
57 49 30.1843
57 50 48.2287
57 51 40.7875
57 52 29.9816
57 53 26.0482
57 54 44.3104
57 55 22.9104
57 56 44.7402
57 57 18.9749
57 58 28.478
57 59 12.221
58 0 0
58 1 0
58 2 0
58 3 0
58 4 0
58 5 0
58 6 0
58 7 0
58 8 1
58 9 0
58 10 0
58 11 0
58 12 0
58 13 0
58 14 0
58 15 0
58 16 1
58 17 1
58 18 1
58 19 0
58 20 2
58 21 2
58 22 2
58 23 2
58 24 0
58 25 1
58 26 1
58 27 1
58 28 3
58 29 2
58 30 3
58 31 6.22467
58 32 1
58 33 5
58 34 5
58 35 7
58 36 9
58 37 6
58 38 12.4086
58 39 9
58 40 8
58 41 9.27199
58 42 9.56427
58 43 17.2625
58 44 21.1342
58 45 13.1682
58 46 25.0728
58 47 23.707
58 48 18.0295
58 49 30.1614
58 50 25.9749
58 51 43.8652
58 52 46.2573
58 53 34.7422
58 54 35.0377
58 55 23.2171
58 56 25.2049
58 57 28.4785
58 58 24.4184
58 59 25.907
59 0 0
59 1 0
59 2 0
59 3 0
59 4 0
59 5 0
59 6 0
59 7 0
59 8 0
59 9 0
59 10 0
59 11 0
59 12 1
59 13 0
59 14 0
59 15 0
59 16 0
59 17 0
59 18 0
59 19 2
59 20 0
59 21 0
59 22 1
59 23 2
59 24 4
59 25 1
59 26 0
59 27 2
59 28 3
59 29 2.28356
59 30 3
59 31 4
59 32 3
59 33 5
59 34 4
59 35 2
59 36 6
59 37 7.72934
59 38 8.17569
59 39 5.26357
59 40 11.2139
59 41 12.1707
59 42 16.4051
59 43 15.6855
59 44 18.3794
59 45 13.4044
59 46 12
59 47 19.4674
59 48 27.0493
59 49 35.7344
59 50 21.7338
59 51 31.7058
59 52 26.8931
59 53 29.2445
59 54 32.0117
59 55 39.6151
59 56 23.8158
59 57 43.1972
59 58 43.3122
59 59 17.1156


PC

bin number Etrue, bin number Ereco, number of events in bin

0 0 0
0 1 0
0 2 0
0 3 0
0 4 0
0 5 0
0 6 0
0 7 0
0 8 0
0 9 0
0 10 0
0 11 0
0 12 0
0 13 0
0 14 0
0 15 0
0 16 0
0 17 0
0 18 0
0 19 0
0 20 0
0 21 0
0 22 0
0 23 0
0 24 0
0 25 0
0 26 0
0 27 0
0 28 0
0 29 0
0 30 0
0 31 0
0 32 0
0 33 0
0 34 0
0 35 0
0 36 0
0 37 0
0 38 0
0 39 0
0 40 0
0 41 0
0 42 0
0 43 0
0 44 0
0 45 0
0 46 0
0 47 0
0 48 0
0 49 0
0 50 0
0 51 0
0 52 0
0 53 0
0 54 0
0 55 0
0 56 0
0 57 0
0 58 0
0 59 0
1 0 0
1 1 0
1 2 0
1 3 0
1 4 0
1 5 0
1 6 0
1 7 0
1 8 0
1 9 0
1 10 0
1 11 0
1 12 0
1 13 0
1 14 0
1 15 0
1 16 0
1 17 0
1 18 0
1 19 0
1 20 0
1 21 0
1 22 0
1 23 0
1 24 0
1 25 0
1 26 0
1 27 0
1 28 0
1 29 0
1 30 0
1 31 0
1 32 0
1 33 0
1 34 0
1 35 0
1 36 0
1 37 0
1 38 0
1 39 0
1 40 0
1 41 0
1 42 0
1 43 0
1 44 0
1 45 0
1 46 0
1 47 0
1 48 0
1 49 0
1 50 0
1 51 0
1 52 0
1 53 0
1 54 0
1 55 0
1 56 0
1 57 0
1 58 0
1 59 0
2 0 0
2 1 0
2 2 0
2 3 0
2 4 0
2 5 0
2 6 0
2 7 0
2 8 0
2 9 0
2 10 0
2 11 0
2 12 0
2 13 0
2 14 0
2 15 0
2 16 0
2 17 0
2 18 0
2 19 0
2 20 0
2 21 0
2 22 0
2 23 0
2 24 0
2 25 0
2 26 0
2 27 0
2 28 0
2 29 0
2 30 0
2 31 0
2 32 0
2 33 0
2 34 0
2 35 0
2 36 0
2 37 0
2 38 0
2 39 0
2 40 0
2 41 0
2 42 0
2 43 0
2 44 0
2 45 0
2 46 0
2 47 0
2 48 0
2 49 0
2 50 0
2 51 0
2 52 0
2 53 0
2 54 0
2 55 0
2 56 0
2 57 0
2 58 0
2 59 0
3 0 0
3 1 0
3 2 0
3 3 0
3 4 0
3 5 0
3 6 0
3 7 0
3 8 0
3 9 0
3 10 0
3 11 0
3 12 0
3 13 0
3 14 0
3 15 0
3 16 0
3 17 0
3 18 0
3 19 0
3 20 0
3 21 0
3 22 0
3 23 0
3 24 0
3 25 0
3 26 0
3 27 0
3 28 0
3 29 0
3 30 0
3 31 0
3 32 0
3 33 0
3 34 0
3 35 0
3 36 0
3 37 0
3 38 0
3 39 0
3 40 0
3 41 0
3 42 0
3 43 0
3 44 0
3 45 0
3 46 0
3 47 0
3 48 0
3 49 0
3 50 0
3 51 0
3 52 0
3 53 0
3 54 0
3 55 0
3 56 0
3 57 0
3 58 0
3 59 0
4 0 0
4 1 0
4 2 0
4 3 0
4 4 0
4 5 0
4 6 0
4 7 0
4 8 0
4 9 0
4 10 0
4 11 0
4 12 0
4 13 0
4 14 0
4 15 0
4 16 0
4 17 0
4 18 0
4 19 0
4 20 0
4 21 0
4 22 0
4 23 0
4 24 0
4 25 0
4 26 0
4 27 0
4 28 0
4 29 0
4 30 0
4 31 0
4 32 0
4 33 0
4 34 0
4 35 0
4 36 0
4 37 0
4 38 0
4 39 0
4 40 0
4 41 0
4 42 0
4 43 0
4 44 0
4 45 0
4 46 0
4 47 0
4 48 0
4 49 0
4 50 0
4 51 0
4 52 0
4 53 0
4 54 0
4 55 0
4 56 0
4 57 0
4 58 0
4 59 0
5 0 0
5 1 0
5 2 0
5 3 0.054807
5 4 0.0130624
5 5 0
5 6 0
5 7 0
5 8 0
5 9 0
5 10 0
5 11 0
5 12 0
5 13 0
5 14 0
5 15 0
5 16 0
5 17 0
5 18 0
5 19 0
5 20 0
5 21 0
5 22 0
5 23 0
5 24 0
5 25 0
5 26 0
5 27 0
5 28 0
5 29 0
5 30 0
5 31 0
5 32 0
5 33 0
5 34 0
5 35 0
5 36 0
5 37 0
5 38 0
5 39 0
5 40 0
5 41 0
5 42 0
5 43 0
5 44 0
5 45 0
5 46 0
5 47 0
5 48 0
5 49 0
5 50 0
5 51 0
5 52 0
5 53 0
5 54 0
5 55 0
5 56 0
5 57 0
5 58 0
5 59 0
6 0 0
6 1 0
6 2 0
6 3 0
6 4 3.9292
6 5 8.80935
6 6 4.01905
6 7 0
6 8 0
6 9 0
6 10 0
6 11 0
6 12 0
6 13 0.00212964
6 14 0
6 15 0
6 16 0
6 17 0
6 18 0
6 19 0
6 20 0
6 21 0
6 22 0
6 23 0
6 24 0
6 25 0
6 26 0
6 27 0
6 28 0
6 29 0
6 30 0
6 31 0
6 32 0
6 33 0
6 34 0
6 35 0
6 36 0
6 37 0
6 38 0
6 39 0
6 40 0
6 41 0
6 42 0
6 43 0
6 44 0
6 45 0
6 46 0
6 47 0
6 48 0
6 49 0
6 50 0
6 51 0
6 52 0
6 53 0
6 54 0
6 55 0
6 56 0
6 57 0
6 58 0
6 59 0
7 0 0
7 1 0
7 2 0
7 3 3.32508
7 4 3.46635
7 5 12.177
7 6 20.758
7 7 12.8277
7 8 3.4883
7 9 1.63315
7 10 1.78015
7 11 0
7 12 0
7 13 0
7 14 0
7 15 0
7 16 0
7 17 0
7 18 0
7 19 0
7 20 0
7 21 0
7 22 0
7 23 0
7 24 0
7 25 0
7 26 0
7 27 0
7 28 0
7 29 0
7 30 0
7 31 0
7 32 0
7 33 0
7 34 0
7 35 0
7 36 0
7 37 0
7 38 0
7 39 0
7 40 0
7 41 0
7 42 0
7 43 0
7 44 0
7 45 0
7 46 0
7 47 0
7 48 0
7 49 0
7 50 0
7 51 0
7 52 0
7 53 0
7 54 0
7 55 0
7 56 0
7 57 0
7 58 0
7 59 0
8 0 0
8 1 0
8 2 0
8 3 1.6045
8 4 3.0456
8 5 14.1049
8 6 20.3962
8 7 31.9748
8 8 30.8578
8 9 10.7561
8 10 1.55883
8 11 4.08319
8 12 1.40936
8 13 1.59615
8 14 0
8 15 0
8 16 0
8 17 0
8 18 0
8 19 0
8 20 0
8 21 0
8 22 0
8 23 0
8 24 0
8 25 0
8 26 0
8 27 0
8 28 0
8 29 0
8 30 0
8 31 0
8 32 0
8 33 0
8 34 0
8 35 0
8 36 0
8 37 0
8 38 0
8 39 0
8 40 0
8 41 0
8 42 0
8 43 0
8 44 0
8 45 0
8 46 0
8 47 0
8 48 0
8 49 0
8 50 0
8 51 0
8 52 0
8 53 0
8 54 0
8 55 0
8 56 0
8 57 0
8 58 0
8 59 0
9 0 0
9 1 0
9 2 0
9 3 0.00828777
9 4 6.11421
9 5 20.2467
9 6 33.7586
9 7 39.2667
9 8 50.6907
9 9 45.3088
9 10 14.6588
9 11 9.09603
9 12 12.785
9 13 2.84891
9 14 0
9 15 0
9 16 3.57842
9 17 0
9 18 1.51948
9 19 0
9 20 0
9 21 0
9 22 0
9 23 1.53195
9 24 0
9 25 0
9 26 0
9 27 0
9 28 0
9 29 0
9 30 0
9 31 0
9 32 0
9 33 0
9 34 0
9 35 0
9 36 0
9 37 0
9 38 0
9 39 0
9 40 0
9 41 0
9 42 0
9 43 0
9 44 0
9 45 0
9 46 0
9 47 0
9 48 0
9 49 0
9 50 0
9 51 0
9 52 0
9 53 0
9 54 0
9 55 0
9 56 0
9 57 0
9 58 0
9 59 0
10 0 0
10 1 0
10 2 0
10 3 1.51491
10 4 8.48506
10 5 8.52889
10 6 17.3685
10 7 30.9686
10 8 51.9933
10 9 47.8863
10 10 56.131
10 11 12.018
10 12 5.60861
10 13 4.12103
10 14 5.18697
10 15 0
10 16 0
10 17 0
10 18 0
10 19 1.44607
10 20 0
10 21 1.42989
10 22 1.36164
10 23 0
10 24 0
10 25 0
10 26 0
10 27 0
10 28 0
10 29 0
10 30 0
10 31 0
10 32 0
10 33 0
10 34 0
10 35 0
10 36 0
10 37 0
10 38 0
10 39 0
10 40 0
10 41 0
10 42 0
10 43 0
10 44 0
10 45 0
10 46 0
10 47 0
10 48 0
10 49 0
10 50 0
10 51 0
10 52 0
10 53 0
10 54 0
10 55 0
10 56 0
10 57 0
10 58 0
10 59 0
11 0 0
11 1 0
11 2 0
11 3 5.49577
11 4 4.03195
11 5 13.1752
11 6 23.8221
11 7 44.3221
11 8 56.1706
11 9 81.5633
11 10 77.1093
11 11 66.0107
11 12 25.0445
11 13 12.0391
11 14 10.3237
11 15 0
11 16 1.32561
11 17 1.30463
11 18 1.32038
11 19 0.0077801
11 20 0
11 21 0
11 22 0
11 23 0
11 24 0
11 25 0
11 26 1.1668
11 27 0
11 28 0
11 29 0
11 30 0
11 31 0
11 32 0
11 33 0
11 34 0
11 35 0
11 36 0
11 37 0
11 38 0
11 39 0
11 40 0
11 41 0
11 42 0
11 43 0
11 44 0
11 45 0
11 46 0
11 47 0
11 48 0
11 49 0
11 50 0
11 51 0
11 52 0
11 53 0
11 54 0
11 55 0
11 56 0
11 57 0
11 58 0
11 59 0
12 0 0
12 1 0
12 2 0
12 3 2.59369
12 4 8.01489
12 5 27.8311
12 6 29.6142
12 7 46.5479
12 8 50.4746
12 9 106.763
12 10 85.7692
12 11 100.109
12 12 67.3607
12 13 25.0154
12 14 8.71829
12 15 9.1541
12 16 1.34376
12 17 1.3186
12 18 1.08839
12 19 1.29557
12 20 2.29521
12 21 0
12 22 0
12 23 1.30497
12 24 0
12 25 0
12 26 0
12 27 0
12 28 0
12 29 0
12 30 0
12 31 1.29539
12 32 0
12 33 0
12 34 0
12 35 0
12 36 0
12 37 0
12 38 0
12 39 0
12 40 0
12 41 0
12 42 0
12 43 0
12 44 0
12 45 0
12 46 0
12 47 0
12 48 0
12 49 0
12 50 0
12 51 0
12 52 0
12 53 0
12 54 0
12 55 0
12 56 0
12 57 0
12 58 0
12 59 0
13 0 0
13 1 0
13 2 0
13 3 2.52853
13 4 11.481
13 5 14.5799
13 6 21.2751
13 7 56.0371
13 8 65.9951
13 9 80.0406
13 10 105.26
13 11 93.6172
13 12 101.144
13 13 82.8006
13 14 35.5366
13 15 21.515
13 16 2.55723
13 17 2.35123
13 18 3.87282
13 19 8.06384
13 20 0
13 21 1.30668
13 22 0
13 23 1.25016
13 24 0
13 25 0
13 26 0.100035
13 27 0
13 28 1.13244
13 29 0
13 30 0
13 31 0
13 32 0
13 33 0
13 34 0
13 35 0
13 36 0
13 37 0
13 38 0
13 39 0
13 40 0
13 41 0
13 42 0
13 43 0
13 44 0
13 45 0
13 46 0
13 47 0
13 48 0
13 49 0
13 50 0
13 51 0
13 52 0
13 53 0
13 54 0
13 55 0
13 56 0
13 57 0
13 58 0
13 59 0
14 0 0
14 1 0
14 2 0
14 3 4.0367
14 4 8.26891
14 5 12.3615
14 6 20.1767
14 7 31.6704
14 8 48.4632
14 9 88.3594
14 10 115.314
14 11 96.206
14 12 101.002
14 13 98.8265
14 14 83.3183
14 15 39.0101
14 16 22.0795
14 17 9.89432
14 18 7.37458
14 19 4.94478
14 20 3.72043
14 21 0
14 22 0
14 23 0
14 24 0
14 25 0
14 26 0
14 27 0
14 28 0
14 29 0
14 30 0
14 31 0
14 32 0
14 33 0
14 34 0
14 35 0
14 36 0
14 37 0
14 38 0
14 39 0
14 40 0
14 41 0
14 42 0
14 43 0
14 44 0
14 45 0
14 46 0
14 47 0
14 48 0
14 49 0
14 50 0
14 51 0
14 52 0
14 53 0
14 54 0
14 55 0
14 56 0
14 57 0
14 58 0
14 59 0
15 0 0
15 1 0
15 2 0
15 3 1.2879
15 4 2.43692
15 5 14.6067
15 6 23.5351
15 7 29.0373
15 8 46.2688
15 9 63.9325
15 10 104.037
15 11 96.989
15 12 148.563
15 13 143.419
15 14 148.159
15 15 94.2936
15 16 70.806
15 17 22.192
15 18 13.4804
15 19 14.5624
15 20 3.66613
15 21 7.64697
15 22 4.54388
15 23 1.2344
15 24 1.20143
15 25 2.41348
15 26 1.25201
15 27 0
15 28 0
15 29 1.57478
15 30 0
15 31 1.13742
15 32 1.2293
15 33 0
15 34 0
15 35 0
15 36 0
15 37 0
15 38 1.12879
15 39 0
15 40 0
15 41 0
15 42 0
15 43 0
15 44 0
15 45 0
15 46 0
15 47 0
15 48 0
15 49 0
15 50 0
15 51 0
15 52 0
15 53 0
15 54 0
15 55 0
15 56 0
15 57 0
15 58 0
15 59 0
16 0 0
16 1 0
16 2 0
16 3 2.56167
16 4 9.48849
16 5 13.0864
16 6 28.8903
16 7 29.8452
16 8 30.0218
16 9 53.0719
16 10 93.1398
16 11 132.133
16 12 106.684
16 13 145.645
16 14 130.865
16 15 143.362
16 16 93.6679
16 17 81.3625
16 18 32.9036
16 19 17.3673
16 20 2.45988
16 21 6.52466
16 22 1.94897
16 23 4.42557
16 24 2.33268
16 25 0
16 26 2.17591
16 27 1
16 28 0
16 29 1.15921
16 30 1.24907
16 31 0
16 32 0.0574895
16 33 0
16 34 0
16 35 0
16 36 0
16 37 0
16 38 0
16 39 0
16 40 0
16 41 0
16 42 0
16 43 0
16 44 0
16 45 0
16 46 0
16 47 0
16 48 0
16 49 0
16 50 0
16 51 0
16 52 0
16 53 0
16 54 0
16 55 0
16 56 0
16 57 0
16 58 0
16 59 0
17 0 0
17 1 0
17 2 0
17 3 2.31157
17 4 2.18803
17 5 9.33072
17 6 16.496
17 7 21.7436
17 8 34.5434
17 9 67.8287
17 10 80.3892
17 11 97.8186
17 12 101.363
17 13 201.731
17 14 133
17 15 153.631
17 16 155.841
17 17 101.66
17 18 82.7678
17 19 38.976
17 20 16.9531
17 21 11.3439
17 22 6.71344
17 23 14.3411
17 24 0.326886
17 25 2.34387
17 26 1.18124
17 27 3.41494
17 28 1.21046
17 29 3.18069
17 30 2.67848
17 31 0
17 32 0
17 33 0
17 34 0
17 35 0
17 36 0
17 37 0
17 38 0
17 39 0
17 40 0
17 41 0
17 42 0
17 43 0
17 44 0
17 45 0
17 46 0
17 47 0
17 48 0
17 49 0
17 50 0
17 51 0
17 52 0
17 53 0
17 54 0
17 55 0
17 56 0
17 57 0
17 58 0
17 59 0
18 0 0
18 1 0
18 2 0
18 3 0
18 4 2.84191
18 5 4.63934
18 6 11.8699
18 7 23.7208
18 8 35.0654
18 9 43.3691
18 10 60.4571
18 11 86.7691
18 12 115.366
18 13 128.585
18 14 130.06
18 15 153.237
18 16 171.438
18 17 135.209
18 18 106.897
18 19 64.4436
18 20 27.1765
18 21 24.927
18 22 10.2346
18 23 3.44795
18 24 2.1983
18 25 2.30549
18 26 3.31734
18 27 2.20466
18 28 0
18 29 0
18 30 1.14175
18 31 1.18493
18 32 0
18 33 0
18 34 1.23294
18 35 0
18 36 0
18 37 1.21795
18 38 0
18 39 0
18 40 0
18 41 1.0971
18 42 0
18 43 0
18 44 0
18 45 0
18 46 0
18 47 0
18 48 0
18 49 0
18 50 0
18 51 0
18 52 0
18 53 0
18 54 0
18 55 0
18 56 0
18 57 0
18 58 0
18 59 0
19 0 0
19 1 0
19 2 0
19 3 1.14755
19 4 5.75793
19 5 9.1021
19 6 18.8445
19 7 23.784
19 8 26.637
19 9 41.7802
19 10 69.7355
19 11 80.0444
19 12 105.377
19 13 119.206
19 14 115.491
19 15 127.684
19 16 170.359
19 17 166.146
19 18 155.956
19 19 105.854
19 20 57.9538
19 21 23.1136
19 22 29.2132
19 23 6.85317
19 24 15.0794
19 25 11.1986
19 26 3.34696
19 27 2
19 28 2.39228
19 29 3.29472
19 30 2.24099
19 31 0
19 32 0
19 33 0
19 34 1.03784
19 35 0
19 36 1.15892
19 37 0
19 38 0
19 39 0
19 40 2.07446
19 41 0
19 42 1
19 43 0
19 44 1.1906
19 45 0
19 46 0
19 47 0
19 48 0
19 49 0
19 50 0
19 51 0
19 52 0
19 53 0
19 54 0
19 55 0
19 56 0
19 57 0
19 58 0
19 59 0
20 0 0
20 1 0
20 2 0
20 3 0
20 4 5.38658
20 5 4.57736
20 6 12.6422
20 7 17.7665
20 8 18.754
20 9 36.4286
20 10 55.2444
20 11 64.2957
20 12 71.9856
20 13 93.9836
20 14 123.429
20 15 133.815
20 16 160.082
20 17 146.627
20 18 154.575
20 19 119.392
20 20 99.1634
20 21 39.0608
20 22 59.2684
20 23 15.4636
20 24 20.066
20 25 6.66424
20 26 6.57523
20 27 3.42429
20 28 1
20 29 3.44693
20 30 1.17719
20 31 1.86312
20 32 1.09523
20 33 1.18341
20 34 1.16212
20 35 1
20 36 1
20 37 3.63356e-05
20 38 0
20 39 0
20 40 2.29474
20 41 0
20 42 0
20 43 1.18427
20 44 0
20 45 0
20 46 0
20 47 0
20 48 0
20 49 0
20 50 0
20 51 0
20 52 0
20 53 0
20 54 0
20 55 0
20 56 0
20 57 0
20 58 0
20 59 0
21 0 0
21 1 0
21 2 0
21 3 3.43092
21 4 4.39777
21 5 5.68011
21 6 17.5714
21 7 13.1711
21 8 20.5931
21 9 40.0979
21 10 35.2806
21 11 55.6126
21 12 54.4126
21 13 91.4904
21 14 127.218
21 15 145.572
21 16 148.234
21 17 167.749
21 18 167.519
21 19 166.897
21 20 116.365
21 21 86.8389
21 22 62.547
21 23 44.4912
21 24 20.9812
21 25 34.9002
21 26 6.6691
21 27 3.05687
21 28 5.55814
21 29 3.164
21 30 0
21 31 1
21 32 3.24483
21 33 2.15209
21 34 1.27869
21 35 1.25013
21 36 1
21 37 0
21 38 0
21 39 0
21 40 0
21 41 0
21 42 0
21 43 0
21 44 0.000183977
21 45 0
21 46 0
21 47 0
21 48 0
21 49 0
21 50 0
21 51 0
21 52 0
21 53 2
21 54 0
21 55 0
21 56 0
21 57 0
21 58 0
21 59 0
22 0 0
22 1 0
22 2 0
22 3 0
22 4 4.43461
22 5 7.28794
22 6 9.12875
22 7 22.8111
22 8 24.8657
22 9 23.0192
22 10 61.439
22 11 36.2666
22 12 78.7594
22 13 98.4093
22 14 109.548
22 15 100.417
22 16 123.57
22 17 144.54
22 18 150.614
22 19 183.905
22 20 142.591
22 21 141.418
22 22 107.175
22 23 117.563
22 24 43.3119
22 25 23.4246
22 26 17.6286
22 27 8.68892
22 28 5.66633
22 29 4.6893
22 30 2.12662
22 31 1
22 32 2.52814
22 33 1.17522
22 34 1.12193
22 35 0
22 36 1.13572
22 37 0
22 38 0
22 39 0
22 40 1.14194
22 41 0
22 42 0
22 43 0
22 44 0
22 45 0
22 46 0
22 47 0
22 48 0
22 49 0
22 50 0
22 51 0
22 52 0
22 53 0
22 54 0
22 55 0
22 56 0
22 57 0
22 58 0
22 59 0
23 0 0
23 1 0
23 2 0
23 3 3.90243
23 4 3.46697
23 5 13.0602
23 6 8.24137
23 7 13.7339
23 8 18.5498
23 9 45.7309
23 10 44.5789
23 11 67.6098
23 12 73.8998
23 13 66.0765
23 14 98.9624
23 15 131.718
23 16 129.97
23 17 150.089
23 18 154.633
23 19 204.608
23 20 194.123
23 21 155.6
23 22 178.002
23 23 108.934
23 24 75.2167
23 25 43.0601
23 26 28.3073
23 27 12.5924
23 28 13.1083
23 29 6.05005
23 30 4.30539
23 31 5.44242
23 32 1.10483
23 33 4.58253
23 34 2.74283
23 35 0
23 36 0
23 37 1.15113
23 38 0
23 39 1.14666
23 40 1.13143
23 41 1.18899
23 42 0
23 43 0
23 44 0
23 45 0
23 46 0
23 47 0
23 48 0
23 49 0
23 50 0
23 51 0
23 52 0
23 53 0
23 54 0
23 55 0
23 56 0
23 57 0
23 58 0
23 59 0
24 0 0
24 1 0
24 2 0
24 3 2.20543
24 4 3.31737
24 5 3.43244
24 6 7.29504
24 7 6.75984
24 8 8.29544
24 9 19.1388
24 10 21.8463
24 11 31.0002
24 12 61.2061
24 13 87.849
24 14 88.3196
24 15 80.0727
24 16 96.0934
24 17 153.911
24 18 158.714
24 19 171.556
24 20 160.863
24 21 151.423
24 22 137.068
24 23 136.996
24 24 129.683
24 25 73.5559
24 26 33.4833
24 27 37.7516
24 28 16.3888
24 29 10.8019
24 30 4.09472
24 31 2.39144
24 32 1
24 33 3.73506
24 34 0
24 35 2.14229
24 36 1.18941
24 37 1.13145
24 38 11.7167
24 39 0
24 40 1
24 41 0
24 42 0
24 43 1.21573
24 44 0
24 45 0
24 46 0
24 47 6.81755
24 48 1.35267
24 49 0
24 50 0
24 51 0
24 52 0
24 53 0
24 54 0
24 55 0
24 56 0
24 57 0
24 58 0
24 59 0
25 0 0
25 1 0
25 2 0
25 3 2
25 4 3.16025
25 5 1.14595
25 6 5.64321
25 7 10.8349
25 8 12.9312
25 9 18.6209
25 10 29.7389
25 11 38.4948
25 12 44.0921
25 13 62.3323
25 14 54.11
25 15 76.9503
25 16 104.751
25 17 136.043
25 18 124.579
25 19 150.008
25 20 147.043
25 21 133.223
25 22 135.783
25 23 142.988
25 24 121.168
25 25 62.0307
25 26 63.3522
25 27 30.8135
25 28 18.9209
25 29 7.80953
25 30 6.39713
25 31 5.19913
25 32 6.38258
25 33 1.14882
25 34 2.13764
25 35 1.15245
25 36 1.07707
25 37 1
25 38 0
25 39 1.11025
25 40 0
25 41 1.12561
25 42 0
25 43 1.20812
25 44 1
25 45 1.16026
25 46 0
25 47 2.08703
25 48 0
25 49 0
25 50 0
25 51 1
25 52 0
25 53 1.05612
25 54 0
25 55 0
25 56 0
25 57 0
25 58 0
25 59 0
26 0 0
26 1 0
26 2 0
26 3 1.13575
26 4 0
26 5 5.54439
26 6 4.55599
26 7 6.48666
26 8 16.0559
26 9 24.9691
26 10 23.3654
26 11 33.97
26 12 31.6184
26 13 61.9152
26 14 68.6132
26 15 67.91
26 16 76.2419
26 17 105.393
26 18 127.837
26 19 127.281
26 20 133.267
26 21 133.34
26 22 182.495
26 23 157.285
26 24 165.322
26 25 149.748
26 26 90.6865
26 27 65.3366
26 28 62.6941
26 29 20.996
26 30 21.0364
26 31 15.9218
26 32 20.8954
26 33 5.6927
26 34 1
26 35 6.65152
26 36 1.42297
26 37 0
26 38 1
26 39 1.1427
26 40 3.35718
26 41 1
26 42 0
26 43 2.13208
26 44 1
26 45 0
26 46 0
26 47 0
26 48 0
26 49 0
26 50 0
26 51 0
26 52 0
26 53 0
26 54 0
26 55 0
26 56 0
26 57 0
26 58 0
26 59 0
27 0 0
27 1 0
27 2 0
27 3 1.16684
27 4 2.11306
27 5 9.98099
27 6 6.83885
27 7 5.2121
27 8 7.81746
27 9 13.4298
27 10 21.459
27 11 20.2866
27 12 48.3639
27 13 28.3529
27 14 47.975
27 15 71.5182
27 16 112.16
27 17 81.4297
27 18 103.286
27 19 125.758
27 20 121.872
27 21 153.774
27 22 132.613
27 23 121.281
27 24 104.997
27 25 124.141
27 26 143.575
27 27 133.475
27 28 55.3098
27 29 41.2167
27 30 15.8507
27 31 16.3105
27 32 11.0669
27 33 9.78706
27 34 8.49473
27 35 2.11498
27 36 2.12211
27 37 4.33164
27 38 4.21698
27 39 0
27 40 1
27 41 1.22672
27 42 1
27 43 0
27 44 1.12599
27 45 0
27 46 1
27 47 11.2368
27 48 1.18836
27 49 0
27 50 0
27 51 0
27 52 0
27 53 0.389078
27 54 0
27 55 0
27 56 0
27 57 0
27 58 0
27 59 0
28 0 0
28 1 0
28 2 0
28 3 1.19319
28 4 1.15936
28 5 1
28 6 5.71653
28 7 9.7289
28 8 22.6979
28 9 18.771
28 10 15.4764
28 11 17.7557
28 12 31.9705
28 13 33.9731
28 14 41.8976
28 15 29.8824
28 16 72.5538
28 17 82.7095
28 18 115.824
28 19 100.83
28 20 111.012
28 21 132.205
28 22 115.46
28 23 151.312
28 24 173.482
28 25 134.035
28 26 123.47
28 27 97.1639
28 28 78.2323
28 29 54.9812
28 30 59.676
28 31 22.9875
28 32 31.5283
28 33 15.7775
28 34 7.63083
28 35 3.19598
28 36 6.62579
28 37 4.15438
28 38 2.10345
28 39 3.24071
28 40 7.16955
28 41 3.10736
28 42 1.09248
28 43 0
28 44 0
28 45 0
28 46 1
28 47 1.17301
28 48 0
28 49 1.17815
28 50 0
28 51 0
28 52 0
28 53 0
28 54 0
28 55 0
28 56 0
28 57 0
28 58 0
28 59 0
29 0 0
29 1 0
29 2 0
29 3 0.0178162
29 4 1.09397
29 5 2.11826
29 6 4.00191
29 7 9.18025
29 8 8.01729
29 9 15.2351
29 10 27.6248
29 11 21.1502
29 12 20.2544
29 13 31.3193
29 14 50.0541
29 15 67.8986
29 16 51.2565
29 17 60.1942
29 18 94.4438
29 19 90.6654
29 20 95.2963
29 21 108.156
29 22 144.711
29 23 124.085
29 24 140.618
29 25 135.025
29 26 150.959
29 27 119.351
29 28 115.439
29 29 73.0645
29 30 71.1266
29 31 44.2929
29 32 20.535
29 33 7.64619
29 34 14.2488
29 35 5.25049
29 36 2.06558
29 37 2.13347
29 38 4.51021
29 39 8.74969
29 40 2.28585
29 41 1
29 42 0
29 43 1.12886
29 44 4.15917
29 45 0
29 46 0
29 47 0
29 48 2.1085
29 49 1
29 50 0
29 51 0
29 52 0
29 53 0
29 54 0
29 55 0
29 56 0
29 57 0
29 58 0
29 59 0
30 0 0
30 1 0
30 2 0
30 3 0
30 4 0
30 5 2.31738
30 6 11.5193
30 7 8.56811
30 8 11.4452
30 9 28.1049
30 10 13.2064
30 11 24.4634
30 12 21.1803
30 13 32.5797
30 14 30.4354
30 15 34.0275
30 16 61.2196
30 17 68.7883
30 18 101.663
30 19 79.7509
30 20 84.0992
30 21 83.352
30 22 97.9722
30 23 122.826
30 24 99.5759
30 25 123.528
30 26 123.289
30 27 131.419
30 28 116.686
30 29 110.656
30 30 92.6203
30 31 68.1151
30 32 51.0515
30 33 21.473
30 34 11.894
30 35 18.9053
30 36 11.5723
30 37 6.29823
30 38 8.27181
30 39 4.16592
30 40 1
30 41 2.13981
30 42 1
30 43 2.12548
30 44 0
30 45 1.1151
30 46 0
30 47 0
30 48 0
30 49 1.1055
30 50 0
30 51 0
30 52 0
30 53 1.09289
30 54 1
30 55 1.1311
30 56 0
30 57 0
30 58 0
30 59 0
31 0 0
31 1 0
31 2 0
31 3 0
31 4 1.15593
31 5 2.20182
31 6 4.63876
31 7 16.8931
31 8 18.0251
31 9 20.127
31 10 5.50401
31 11 14.1515
31 12 21.8812
31 13 28.4802
31 14 40.6876
31 15 38.0174
31 16 61.8543
31 17 54.3757
31 18 69.084
31 19 60.0173
31 20 91.3112
31 21 68.4109
31 22 95.2247
31 23 103.048
31 24 121.591
31 25 142.864
31 26 111.364
31 27 130.48
31 28 110.441
31 29 121.731
31 30 107.637
31 31 77.7924
31 32 44.208
31 33 35.6052
31 34 24.486
31 35 9.59035
31 36 12.9059
31 37 12.6136
31 38 13.3998
31 39 8.01868
31 40 6.11061
31 41 2.29702
31 42 1.19469
31 43 0
31 44 2.12309
31 45 2.08056
31 46 0
31 47 0
31 48 1
31 49 1.02724
31 50 0
31 51 0
31 52 1.18241
31 53 0
31 54 0
31 55 0
31 56 1
31 57 0
31 58 0
31 59 0
32 0 0
32 1 0
32 2 0
32 3 2.10077
32 4 2.12251
32 5 3.18344
32 6 2.23218
32 7 6.79086
32 8 19.02
32 9 8.95086
32 10 19.6668
32 11 21.7641
32 12 25.2629
32 13 34.8086
32 14 29.7239
32 15 35.655
32 16 40.2274
32 17 39.9846
32 18 52.6748
32 19 62.7616
32 20 64.5329
32 21 49.8455
32 22 70.1754
32 23 84.9431
32 24 86.6509
32 25 124.996
32 26 137.749
32 27 110.597
32 28 111.261
32 29 146.366
32 30 116.147
32 31 66.4512
32 32 78.3415
32 33 61.1579
32 34 46.8429
32 35 31.3919
32 36 13.5811
32 37 11.9251
32 38 5.25404
32 39 8.51107
32 40 4.13189
32 41 3.23826
32 42 2.18268
32 43 2
32 44 2.18101
32 45 2.3044
32 46 0
32 47 1
32 48 2.08935
32 49 1
32 50 0
32 51 1
32 52 0
32 53 0
32 54 0
32 55 0
32 56 0
32 57 0
32 58 1.11963
32 59 0
33 0 0
33 1 0
33 2 0
33 3 0
33 4 5.75737
33 5 3.39575
33 6 6.61125
33 7 4.81916
33 8 4.79929
33 9 19.6642
33 10 14.57
33 11 16.8338
33 12 16.7106
33 13 22.2623
33 14 20.9408
33 15 36.7832
33 16 50.3065
33 17 44.2338
33 18 39.9401
33 19 39.6346
33 20 78.5638
33 21 69.4233
33 22 62.322
33 23 89.9206
33 24 95.8398
33 25 97.12
33 26 92.31
33 27 119.007
33 28 132.653
33 29 94.8059
33 30 108.455
33 31 121.754
33 32 73.3276
33 33 90.7954
33 34 35.2078
33 35 37.4665
33 36 29.0164
33 37 17.4387
33 38 10.7601
33 39 8.44124
33 40 5.23989
33 41 8.94531
33 42 4.3851
33 43 2.12146
33 44 1.06159
33 45 3.113
33 46 2.15572
33 47 0
33 48 1.1026
33 49 2.08529
33 50 1.17106
33 51 1
33 52 1.13842
33 53 0
33 54 0
33 55 0
33 56 0
33 57 0
33 58 0
33 59 0
34 0 0
34 1 0
34 2 0
34 3 0
34 4 1.09824
34 5 5.15228
34 6 1.11389
34 7 2
34 8 6.392
34 9 16.0798
34 10 1.084
34 11 14.0786
34 12 16.2495
34 13 17.3167
34 14 11.316
34 15 23.5851
34 16 30.6507
34 17 39.2866
34 18 46.7068
34 19 51.5207
34 20 47.8097
34 21 93.6561
34 22 62.9497
34 23 64.764
34 24 77.9494
34 25 87.9547
34 26 87.9501
34 27 107.371
34 28 92.0376
34 29 111.775
34 30 106.853
34 31 90.6914
34 32 70.5842
34 33 56.8568
34 34 59.9276
34 35 53.0153
34 36 28.2742
34 37 34.5363
34 38 21.5449
34 39 20.1597
34 40 15.5425
34 41 9.20843
34 42 2.1165
34 43 4.12243
34 44 0.0108659
34 45 1.75536
34 46 1.10366
34 47 1
34 48 1.16212
34 49 1.10614
34 50 1
34 51 0
34 52 1
34 53 0
34 54 0
34 55 0
34 56 0
34 57 0
34 58 0
34 59 0
35 0 0
35 1 0
35 2 0
35 3 0
35 4 9.61256e-05
35 5 1.08761
35 6 3.4037
35 7 11.0097
35 8 8.39582
35 9 7.59595
35 10 12.9265
35 11 11.8756
35 12 23.3053
35 13 13.1697
35 14 14.498
35 15 18.362
35 16 33.6644
35 17 35.0576
35 18 37.0622
35 19 36.2134
35 20 34.3284
35 21 42.3331
35 22 61.6396
35 23 60.7503
35 24 71.871
35 25 57.9133
35 26 83.6808
35 27 95.8518
35 28 114.419
35 29 106.659
35 30 113.492
35 31 101.244
35 32 86.5355
35 33 94.9061
35 34 73.026
35 35 90.576
35 36 43.7058
35 37 33.4404
35 38 26.7302
35 39 8.99928
35 40 18.7179
35 41 13.5018
35 42 2
35 43 6.40744
35 44 2
35 45 2.2768
35 46 3.11012
35 47 2.16241
35 48 6.11074
35 49 0
35 50 3.25211
35 51 1.10857
35 52 1.07255
35 53 0
35 54 0
35 55 0
35 56 0
35 57 1
35 58 0
35 59 1
36 0 0
36 1 0
36 2 0
36 3 0
36 4 2.16821
36 5 1.06803
36 6 1.15819
36 7 6.92595
36 8 6.4496
36 9 13.8638
36 10 13.1665
36 11 16.7295
36 12 16.1443
36 13 15.4171
36 14 26.2876
36 15 35.0595
36 16 29.7263
36 17 34.841
36 18 34.817
36 19 39.3818
36 20 66.9754
36 21 30.2374
36 22 76.7607
36 23 63.185
36 24 103.936
36 25 87.8016
36 26 100.338
36 27 84.932
36 28 73.6315
36 29 111.511
36 30 111.609
36 31 101.652
36 32 122.646
36 33 100.248
36 34 92.6126
36 35 96.7044
36 36 80.0559
36 37 54.3602
36 38 33.466
36 39 26.5769
36 40 17.5167
36 41 9.64135
36 42 22.1462
36 43 2
36 44 10.7264
36 45 4.45925
36 46 7.54517
36 47 1.97684
36 48 5.23818
36 49 4.89106e-13
36 50 1.12874
36 51 1
36 52 1.04138
36 53 0.0014007
36 54 2.24141
36 55 0
36 56 0
36 57 0
36 58 1.21839
36 59 0
37 0 0
37 1 0
37 2 0
37 3 0
37 4 1.12659
37 5 1.14702
37 6 5.58037
37 7 2.30659
37 8 2.08958
37 9 4.12939
37 10 4.26584
37 11 11.2711
37 12 13.285
37 13 11.0543
37 14 9.64227
37 15 21.4403
37 16 26.0309
37 17 37.5521
37 18 26.0357
37 19 33.6389
37 20 36.4003
37 21 53.2346
37 22 49.0269
37 23 61.5328
37 24 72.4169
37 25 67.2752
37 26 70.8674
37 27 70.6841
37 28 61.9019
37 29 73.0457
37 30 79.4943
37 31 94.2888
37 32 68.9792
37 33 82.3948
37 34 84.3541
37 35 87.0159
37 36 56.254
37 37 41.2286
37 38 48.958
37 39 44.0896
37 40 21.6058
37 41 14.9125
37 42 10.8652
37 43 4.42918
37 44 6.58772
37 45 5.22729
37 46 2
37 47 2.17973
37 48 1
37 49 3.15041
37 50 0
37 51 1
37 52 3.35067
37 53 0
37 54 0
37 55 0
37 56 0
37 57 1.03254
37 58 0
37 59 0
38 0 0
38 1 0
38 2 0
38 3 1.11581
38 4 0
38 5 2.1479
38 6 1.29312
38 7 3
38 8 3.5038
38 9 3.19106
38 10 10.5901
38 11 18.606
38 12 17.6703
38 13 18.3961
38 14 21.8158
38 15 14.7466
38 16 25.0056
38 17 23.1495
38 18 27.9071
38 19 48.667
38 20 53.5794
38 21 44.1467
38 22 34.292
38 23 55.5782
38 24 59.9583
38 25 61.928
38 26 47.0928
38 27 60.3938
38 28 90.3241
38 29 72.438
38 30 78.5894
38 31 84.2088
38 32 94.283
38 33 67.1799
38 34 78.5604
38 35 87.4138
38 36 76.8747
38 37 88.3847
38 38 76.8147
38 39 52.4748
38 40 26.0063
38 41 23.3974
38 42 15.7309
38 43 32.8708
38 44 4.16069
38 45 7.48613
38 46 4.45919
38 47 8.52413
38 48 6.47277
38 49 2.07347
38 50 2.3299
38 51 1.01587
38 52 2
38 53 1.08386
38 54 0
38 55 2.112
38 56 1.13417
38 57 0
38 58 1
38 59 1.13805
39 0 0
39 1 0
39 2 0
39 3 1.25932
39 4 0
39 5 11.8562
39 6 1.17174
39 7 6.77882
39 8 3.18818
39 9 5.65409
39 10 11.2881
39 11 11.1741
39 12 7.60164
39 13 6.83345
39 14 16.983
39 15 11.9604
39 16 12.6552
39 17 27.014
39 18 27.0355
39 19 30.2117
39 20 28.1863
39 21 27.4701
39 22 47.7519
39 23 65.1651
39 24 53.9333
39 25 50.9773
39 26 66.161
39 27 65.3515
39 28 69.9709
39 29 84.9663
39 30 69.4033
39 31 88.6478
39 32 88.8842
39 33 98.689
39 34 70.8681
39 35 85.9844
39 36 97.9163
39 37 77.0129
39 38 62.008
39 39 49.0541
39 40 50.9625
39 41 58.4472
39 42 23.7921
39 43 16.764
39 44 14.9348
39 45 5.11131
39 46 5.32815
39 47 2.2319
39 48 4.04053
39 49 5.47433
39 50 2.29118
39 51 2.05433
39 52 1
39 53 1
39 54 0
39 55 0
39 56 0
39 57 0
39 58 2
39 59 0
40 0 0
40 1 0
40 2 0
40 3 0
40 4 0
40 5 1.04811
40 6 0
40 7 18.9957
40 8 0
40 9 3.22764
40 10 7.54975
40 11 8.74456
40 12 4.53776
40 13 6.39927
40 14 6.7294
40 15 24.2622
40 16 25.4722
40 17 18.2641
40 18 22.8467
40 19 24.178
40 20 26.557
40 21 22.4728
40 22 37.5766
40 23 32.5545
40 24 39.8073
40 25 46.3816
40 26 26.3545
40 27 61.001
40 28 53.6716
40 29 74.0646
40 30 76.7324
40 31 72.5764
40 32 94.0131
40 33 96.3447
40 34 115.42
40 35 66.4676
40 36 102.825
40 37 74.3056
40 38 98.3433
40 39 58.4303
40 40 38.7989
40 41 42.9893
40 42 35.3471
40 43 30.9565
40 44 7.35067
40 45 11.1598
40 46 7.18554
40 47 7.44667
40 48 5.31686
40 49 7.19635
40 50 1
40 51 2.1413
40 52 0
40 53 1.12673
40 54 2.03279
40 55 0
40 56 1
40 57 0.000551233
40 58 2.31655
40 59 0
41 0 0
41 1 0
41 2 0
41 3 2.2156
41 4 1.13164
41 5 0
41 6 1
41 7 1.13142
41 8 1.12257
41 9 0
41 10 4.50987
41 11 11.9568
41 12 12.2265
41 13 11.2113
41 14 13.7672
41 15 9.92804
41 16 8.6672
41 17 20.8252
41 18 9.51554
41 19 28.7717
41 20 23.943
41 21 24.6099
41 22 22.2691
41 23 46.8573
41 24 33.2583
41 25 36.6695
41 26 40.553
41 27 55.5342
41 28 50.6418
41 29 40.9017
41 30 78.4243
41 31 74.1188
41 32 83.3376
41 33 75.8473
41 34 89.9458
41 35 70.8425
41 36 77.8112
41 37 74.6052
41 38 76.7536
41 39 64.4833
41 40 41.2137
41 41 34.4263
41 42 27.934
41 43 24.0863
41 44 18.0982
41 45 10.5047
41 46 14.9394
41 47 5.40444
41 48 7.82841
41 49 7.45807
41 50 3.39176
41 51 2.13785
41 52 1
41 53 1.13563
41 54 0
41 55 0
41 56 1
41 57 0
41 58 0
41 59 2.38176
42 0 0
42 1 0
42 2 0
42 3 1.01064
42 4 0
42 5 1.23987
42 6 0
42 7 5.48001
42 8 3.26751
42 9 2.26045
42 10 3.13733
42 11 2
42 12 5.28356
42 13 4.72777
42 14 11.4122
42 15 13.5139
42 16 9.5517
42 17 14.4455
42 18 7.65522
42 19 21.6353
42 20 20.7138
42 21 20.9888
42 22 18.1341
42 23 31.6257
42 24 38.6271
42 25 28.524
42 26 34.0303
42 27 49.6017
42 28 40.942
42 29 52.1128
42 30 34.5552
42 31 36.353
42 32 48.0792
42 33 52.2113
42 34 74.0404
42 35 76.2427
42 36 76.4543
42 37 76.8748
42 38 64.6573
42 39 82.29
42 40 67.2662
42 41 45.9807
42 42 67.6736
42 43 44.6696
42 44 28.6008
42 45 20.3937
42 46 18.2307
42 47 7.77269
42 48 10.1762
42 49 4.29933
42 50 6.23473
42 51 2
42 52 3.14995
42 53 1
42 54 2
42 55 1.09852
42 56 1
42 57 1.10746
42 58 0
42 59 0
43 0 0
43 1 0
43 2 1.15172
43 3 1.10139
43 4 0
43 5 1
43 6 2.19614
43 7 1
43 8 1
43 9 4.19879
43 10 4.28669
43 11 8.10255
43 12 8.52937
43 13 4.81476
43 14 4.47125
43 15 14.4797
43 16 12.3812
43 17 12.9157
43 18 18.0747
43 19 10.2209
43 20 15.4395
43 21 21.0017
43 22 23.4659
43 23 32.9649
43 24 40.4457
43 25 38.4347
43 26 34.1534
43 27 51.0483
43 28 56.4388
43 29 42.6154
43 30 45.6564
43 31 42.2208
43 32 54.1196
43 33 48.63
43 34 39.0032
43 35 69.3077
43 36 65.484
43 37 79.3402
43 38 62.0883
43 39 71.312
43 40 62.0476
43 41 60.0112
43 42 56.6204
43 43 66.0371
43 44 31.5012
43 45 13.7534
43 46 16.4194
43 47 11.7195
43 48 5.22016
43 49 12.4584
43 50 7.59505
43 51 2.13937
43 52 3.14685
43 53 3.11581
43 54 4.11511
43 55 0
43 56 3.17491
43 57 1.09174
43 58 1
43 59 0
44 0 0
44 1 0
44 2 0
44 3 0
44 4 0
44 5 0
44 6 1
44 7 0
44 8 2.17014
44 9 1
44 10 1.11108
44 11 3.26436
44 12 9.6871
44 13 11.9045
44 14 4.10398
44 15 7.20677
44 16 7.30946
44 17 22.2931
44 18 20.4464
44 19 13.4437
44 20 17.9069
44 21 16.2314
44 22 25.781
44 23 33.0775
44 24 29.5212
44 25 29.9351
44 26 35.3835
44 27 22.0845
44 28 44.5534
44 29 45.7479
44 30 75.6637
44 31 51.8451
44 32 58.8236
44 33 43.0317
44 34 72.096
44 35 67.5053
44 36 65.7272
44 37 65.7741
44 38 90.3987
44 39 65.3384
44 40 78.2686
44 41 54.6421
44 42 80.9098
44 43 62.1209
44 44 39.1837
44 45 47.8742
44 46 41.9853
44 47 34.1673
44 48 9.50212
44 49 12.5508
44 50 6.21884
44 51 6.72592
44 52 3
44 53 3.28761
44 54 5.50092
44 55 2
44 56 0
44 57 1
44 58 1
44 59 2.23582
45 0 0
45 1 0
45 2 0
45 3 1.12029
45 4 2.13542
45 5 1.13612
45 6 1.34984
45 7 2.77982
45 8 1
45 9 10.6791
45 10 5.26151
45 11 8.10791
45 12 8.90555
45 13 4.57784
45 14 7.61718
45 15 7.24184
45 16 10.6257
45 17 12.929
45 18 17.6513
45 19 27.2141
45 20 24.2922
45 21 12.3932
45 22 11.6731
45 23 14.0049
45 24 20.9313
45 25 25.7287
45 26 34.7209
45 27 27.6685
45 28 39.6697
45 29 23.2725
45 30 37.2106
45 31 46.7256
45 32 48.264
45 33 49.0482
45 34 38.6421
45 35 62.0625
45 36 67.71
45 37 61.0777
45 38 83.8724
45 39 63.2393
45 40 53.567
45 41 84.0569
45 42 72.9202
45 43 41.4943
45 44 61.0415
45 45 43.8037
45 46 35.0608
45 47 22.6347
45 48 13.7921
45 49 15.1431
45 50 7.62783
45 51 14.0037
45 52 4
45 53 4.08631
45 54 6.96814
45 55 4.61724
45 56 1.15624
45 57 1.09462
45 58 1
45 59 1.1252
46 0 0
46 1 0
46 2 0
46 3 0
46 4 1
46 5 2.12781
46 6 2.50249
46 7 4.04963
46 8 1.02921
46 9 5.96566
46 10 1.11959
46 11 3.29328
46 12 5.54436
46 13 3.14388
46 14 8.30478
46 15 8.57198
46 16 2
46 17 18.1778
46 18 10.6968
46 19 20.2842
46 20 23.4978
46 21 19.8112
46 22 15.9981
46 23 21.5129
46 24 16.788
46 25 23.3009
46 26 23.1766
46 27 23.675
46 28 36.3715
46 29 35.0918
46 30 29.2609
46 31 29.4714
46 32 46.7077
46 33 55.6324
46 34 48.4328
46 35 53.2952
46 36 39.8554
46 37 66.2875
46 38 69.2042
46 39 66.7905
46 40 59.7097
46 41 63.9458
46 42 82.4568
46 43 63.4529
46 44 95.0696
46 45 47.5791
46 46 34.9074
46 47 42.0806
46 48 25.2811
46 49 10.6598
46 50 13.5807
46 51 9.57353
46 52 7.68224
46 53 10.2554
46 54 2.21599
46 55 5.41384
46 56 4.8615
46 57 1.00827
46 58 0
46 59 3.21806
47 0 0
47 1 0
47 2 0
47 3 1
47 4 0
47 5 1.19362
47 6 0
47 7 3.21483
47 8 1.12511
47 9 2.43316
47 10 3.21357
47 11 3.12616
47 12 1.17469
47 13 5.61923
47 14 5.01857
47 15 5.48022
47 16 3.63962
47 17 6.32129
47 18 9.23647
47 19 6.3092
47 20 11.9172
47 21 9.35765
47 22 14.5729
47 23 16.6537
47 24 24.0561
47 25 8.53506
47 26 22.2198
47 27 15.1829
47 28 24.812
47 29 34.9451
47 30 33.6368
47 31 22.0901
47 32 29.7843
47 33 32.9356
47 34 38.0785
47 35 32.6646
47 36 39.3307
47 37 46.9546
47 38 35.758
47 39 41.0149
47 40 37.1416
47 41 53.8736
47 42 70.4352
47 43 38.0275
47 44 44.4611
47 45 34.6869
47 46 66.5034
47 47 31.2571
47 48 12.4176
47 49 12.1931
47 50 18.0641
47 51 10.633
47 52 9.01568
47 53 5.31357
47 54 11.5797
47 55 2.34883
47 56 2.18983
47 57 3.12742
47 58 2.22119
47 59 0
48 0 0
48 1 0
48 2 0
48 3 0
48 4 0
48 5 0
48 6 0
48 7 0
48 8 2.14234
48 9 3.09019
48 10 2.14672
48 11 5.1412
48 12 3.19261
48 13 13.7773
48 14 5.37481
48 15 4.08001
48 16 11.0526
48 17 8.3929
48 18 5.22692
48 19 7.75198
48 20 7.25147
48 21 7.142
48 22 12.9824
48 23 25.4543
48 24 11.0623
48 25 11.3089
48 26 18.4218
48 27 26.5494
48 28 21.426
48 29 29.6821
48 30 38.0188
48 31 30.4505
48 32 36.6772
48 33 27.6055
48 34 32.8397
48 35 27.6003
48 36 25.5443
48 37 43.2584
48 38 53.4936
48 39 47.94
48 40 51.4257
48 41 31.9694
48 42 68.4203
48 43 35.85
48 44 37.2075
48 45 42.5076
48 46 41.5536
48 47 49.6566
48 48 43.1641
48 49 18.2204
48 50 22.9445
48 51 17.9237
48 52 10.4452
48 53 5.29039
48 54 2.85845
48 55 4.43541
48 56 2.14125
48 57 2.13007
48 58 3.21644
48 59 1.00577
49 0 0
49 1 0
49 2 0
49 3 1
49 4 0
49 5 1
49 6 1
49 7 0
49 8 0
49 9 4.2179
49 10 3.26925
49 11 4.74694
49 12 5.56048
49 13 2
49 14 6.3804
49 15 0
49 16 3.12732
49 17 10.4508
49 18 7.45835
49 19 6.30233
49 20 10.6321
49 21 13.0214
49 22 12.1037
49 23 14.8303
49 24 17.8475
49 25 14.0668
49 26 25.9119
49 27 16.5308
49 28 19.9217
49 29 24.2997
49 30 25.723
49 31 26.8646
49 32 34.7797
49 33 36.1877
49 34 50.6413
49 35 48.1947
49 36 33.4199
49 37 53.0056
49 38 57.9122
49 39 38.4829
49 40 49.8505
49 41 51.6472
49 42 47.6002
49 43 41.2583
49 44 60.0696
49 45 29.3353
49 46 42.7877
49 47 48.0653
49 48 30.919
49 49 21.9245
49 50 35.6702
49 51 22.5185
49 52 23.5643
49 53 14.0772
49 54 17.7553
49 55 8.49636
49 56 2.79279
49 57 4.53032
49 58 3.30252
49 59 2.12043
50 0 0
50 1 0
50 2 0
50 3 0
50 4 2.33893
50 5 0
50 6 0
50 7 4.35926
50 8 2
50 9 2.18945
50 10 3.33076
50 11 1.11871
50 12 4.0834
50 13 4.66777
50 14 4.37547
50 15 1
50 16 5.21903
50 17 4.50613
50 18 8.71088
50 19 1
50 20 21.9677
50 21 8.56987
50 22 11.2762
50 23 9.74666
50 24 12.9507
50 25 12.2309
50 26 13.9632
50 27 21.1275
50 28 21.2372
50 29 16.4206
50 30 25.1355
50 31 19.3598
50 32 21.1267
50 33 35.8528
50 34 23.4194
50 35 28.8025
50 36 39.7274
50 37 29.4851
50 38 34.5714
50 39 31.416
50 40 37.17
50 41 57.3496
50 42 39.8932
50 43 45.9223
50 44 59.2812
50 45 49.4357
50 46 28.9637
50 47 38.2123
50 48 46.3496
50 49 29.6213
50 50 16.113
50 51 17.8374
50 52 11.7653
50 53 19.9587
50 54 9.8011
50 55 4.35196
50 56 3.44706
50 57 3.27122
50 58 4.57768
50 59 1.19153
51 0 0
51 1 0
51 2 0
51 3 0
51 4 1
51 5 0
51 6 0
51 7 1
51 8 1
51 9 1
51 10 4
51 11 5.6124
51 12 10.9588
51 13 1
51 14 3.96057
51 15 4.27802
51 16 5.52331
51 17 14.2175
51 18 5.51988
51 19 8.99062
51 20 8.55958
51 21 9.99767
51 22 8.41891
51 23 16.4076
51 24 10.467
51 25 16.3921
51 26 6.22226
51 27 19.3125
51 28 18.0733
51 29 20.0467
51 30 15.6216
51 31 28.1193
51 32 29.9094
51 33 26.1416
51 34 17.4684
51 35 25.6896
51 36 43.3492
51 37 27.1611
51 38 32.9801
51 39 30.7116
51 40 26.4928
51 41 39.4914
51 42 42.5278
51 43 41.5562
51 44 68.8217
51 45 48.8625
51 46 83.6074
51 47 49.6774
51 48 44.6718
51 49 47.774
51 50 48.8928
51 51 29.8991
51 52 22.7734
51 53 23.6915
51 54 21.077
51 55 7.12939
51 56 9.71208
51 57 2.19043
51 58 3.29617
51 59 4.39819
52 0 0
52 1 0
52 2 0
52 3 0
52 4 0
52 5 1.29886
52 6 2.16095
52 7 1
52 8 1
52 9 1.12624
52 10 1.227
52 11 3.28087
52 12 2.19284
52 13 0
52 14 4.1721
52 15 4.12057
52 16 4.21869
52 17 4.09999
52 18 6.54082
52 19 4.25559
52 20 7.56587
52 21 6
52 22 12.1628
52 23 3.21761
52 24 4.4739
52 25 13.5366
52 26 11.1744
52 27 23.6929
52 28 13.5394
52 29 23.5803
52 30 13.7009
52 31 21.5708
52 32 19.3308
52 33 19.52
52 34 19.8716
52 35 31.2437
52 36 38.5383
52 37 27.6888
52 38 23.4349
52 39 33.6889
52 40 22.4541
52 41 31.7084
52 42 31.804
52 43 26.9819
52 44 33.5749
52 45 41.3345
52 46 44.5618
52 47 38.2399
52 48 30.5086
52 49 35.1943
52 50 36.5369
52 51 23.0066
52 52 28.9856
52 53 28.4861
52 54 19.8192
52 55 17.7656
52 56 7.91782
52 57 20.8758
52 58 6.21392
52 59 5.31127
53 0 0
53 1 0
53 2 0
53 3 0
53 4 0
53 5 1
53 6 5.17866
53 7 1.11335
53 8 3.13713
53 9 1
53 10 3.11004
53 11 1
53 12 2.19358
53 13 3.44682
53 14 5.43316
53 15 1
53 16 5.13586
53 17 3.38994
53 18 6.43397
53 19 6.56642
53 20 6.10631
53 21 7.45356
53 22 5
53 23 10.5883
53 24 10.6262
53 25 7.48242
53 26 18.0389
53 27 16.5572
53 28 14.6939
53 29 10.7575
53 30 11.0186
53 31 14.1238
53 32 18.7623
53 33 16.6918
53 34 21.0339
53 35 27.1199
53 36 20.7089
53 37 26.9045
53 38 23.4699
53 39 41.7247
53 40 28.1409
53 41 39.0742
53 42 38.2545
53 43 28.7144
53 44 38.9016
53 45 34.7052
53 46 34.8183
53 47 36.7777
53 48 45.1159
53 49 38.5718
53 50 40.1011
53 51 55.7713
53 52 48.3702
53 53 30.7233
53 54 14.9017
53 55 17.8688
53 56 10.5928
53 57 10.4858
53 58 4.35672
53 59 18.8781
54 0 0
54 1 0
54 2 0
54 3 0
54 4 0
54 5 0
54 6 0.965572
54 7 1
54 8 0
54 9 1.02929
54 10 2.27599
54 11 3.56585
54 12 2.35326
54 13 2.17554
54 14 5.27643
54 15 4.39226
54 16 3
54 17 3
54 18 7.41817
54 19 20.7769
54 20 4
54 21 4
54 22 6.32499
54 23 10.5813
54 24 3.17327
54 25 12.0122
54 26 8
54 27 8.16483
54 28 8.21387
54 29 23.2785
54 30 19.3623
54 31 17.4926
54 32 16.1325
54 33 19.9781
54 34 23.1498
54 35 27.8084
54 36 24.6349
54 37 20.5455
54 38 21.0402
54 39 20.4236
54 40 43.0891
54 41 22.7764
54 42 32.0336
54 43 32.3661
54 44 41.2888
54 45 33.693
54 46 27.2586
54 47 22.8553
54 48 33.3199
54 49 28.6954
54 50 29.3606
54 51 22.7467
54 52 47.7369
54 53 22.3642
54 54 22.6419
54 55 12.9451
54 56 20.8811
54 57 10.7986
54 58 13.5861
54 59 5.38739
55 0 0
55 1 0
55 2 0
55 3 0
55 4 0
55 5 1
55 6 0
55 7 2.94016
55 8 0
55 9 5.17411
55 10 3
55 11 1
55 12 2
55 13 1.07532
55 14 2.3864
55 15 2.27624
55 16 2.17616
55 17 3.13977
55 18 1
55 19 4
55 20 10.8716
55 21 6.60704
55 22 4.81476
55 23 6.256
55 24 9.62187
55 25 12.5265
55 26 15.5557
55 27 6
55 28 13.1191
55 29 15.7113
55 30 10.5128
55 31 12.9574
55 32 17.0984
55 33 19.558
55 34 11.623
55 35 21.1093
55 36 23.5854
55 37 20.9194
55 38 20.8511
55 39 19.3953
55 40 26.6775
55 41 26.2711
55 42 24.5185
55 43 29.6802
55 44 29.0062
55 45 16.929
55 46 29.3335
55 47 19.2515
55 48 24.9242
55 49 24.0725
55 50 45.1513
55 51 27.6142
55 52 24.7414
55 53 31.2432
55 54 18.8996
55 55 24.0647
55 56 14.8661
55 57 7.59215
55 58 7.62611
55 59 14.2085
56 0 0
56 1 0
56 2 0
56 3 1
56 4 0
56 5 0.0149107
56 6 0.999993
56 7 1.12384
56 8 0
56 9 1
56 10 2.34838
56 11 0
56 12 3.33649
56 13 6.16766
56 14 1
56 15 2.3363
56 16 1.10879
56 17 16.7329
56 18 1.31077
56 19 6.69405
56 20 8.13162
56 21 5.64805
56 22 8.98707
56 23 5.3949
56 24 10.6677
56 25 11.1632
56 26 13.3668
56 27 6.54991
56 28 12.0833
56 29 13.3274
56 30 14.1846
56 31 13.8274
56 32 13.6821
56 33 18.8314
56 34 17.1712
56 35 23.651
56 36 14.5679
56 37 25.546
56 38 14.1723
56 39 15.9464
56 40 23.4468
56 41 20.6074
56 42 24.6968
56 43 29.7216
56 44 22.8006
56 45 29.8084
56 46 31.965
56 47 34.7201
56 48 28.3596
56 49 30.7786
56 50 30.5591
56 51 38.0387
56 52 37.9568
56 53 34.2674
56 54 25.2557
56 55 15.3611
56 56 11.6153
56 57 13.8308
56 58 9.18148
56 59 7.28473
57 0 0
57 1 0
57 2 0
57 3 0
57 4 0
57 5 1
57 6 7.14606e-06
57 7 0
57 8 1.10791
57 9 0
57 10 4.25757
57 11 1.13933
57 12 1
57 13 2.68579
57 14 5
57 15 1
57 16 1.18248
57 17 21.4646
57 18 2.20182
57 19 3
57 20 2.19905
57 21 3.13734
57 22 4.34215
57 23 4.43364
57 24 6.10016
57 25 8.75572
57 26 10.964
57 27 9.70287
57 28 6
57 29 6.08625
57 30 8.24225
57 31 8.16262
57 32 13.1789
57 33 7.3231
57 34 14.2563
57 35 32.6261
57 36 11.5021
57 37 18.9164
57 38 17.6993
57 39 23.4931
57 40 21.0355
57 41 21.0297
57 42 31.4234
57 43 23.4479
57 44 15.4975
57 45 20.9989
57 46 40.0875
57 47 23.1295
57 48 27.8144
57 49 24.9999
57 50 34.7781
57 51 26.9761
57 52 43.9872
57 53 43.2509
57 54 31.7411
57 55 27.522
57 56 31.6571
57 57 24.2364
57 58 24.7647
57 59 11.9054
58 0 0
58 1 0
58 2 0
58 3 0
58 4 0
58 5 0
58 6 0
58 7 0
58 8 0
58 9 1.13922
58 10 1
58 11 1
58 12 3
58 13 1
58 14 2.42229
58 15 2
58 16 0
58 17 4
58 18 5.50564
58 19 6.59072
58 20 4.25817
58 21 4
58 22 2.21351
58 23 0
58 24 4.23322
58 25 9.46249
58 26 3.14814
58 27 7.2285
58 28 2.02377
58 29 7.42365
58 30 18.5395
58 31 7.17223
58 32 5.00052
58 33 9.24371
58 34 9.08984
58 35 17.4242
58 36 9.48508
58 37 14.7567
58 38 17.8655
58 39 11.4804
58 40 15.1816
58 41 23.1677
58 42 25.1119
58 43 17.7557
58 44 25.6855
58 45 17.5542
58 46 25.3187
58 47 22.1143
58 48 28.8843
58 49 38.011
58 50 26.3903
58 51 37.6559
58 52 33.4259
58 53 26.294
58 54 35.6905
58 55 28.9708
58 56 25.2281
58 57 20.6807
58 58 16.3919
58 59 10.4907
59 0 0
59 1 0
59 2 0
59 3 1
59 4 1.16096
59 5 0
59 6 0
59 7 1
59 8 2.12813
59 9 2.24942
59 10 1
59 11 0
59 12 4.25211
59 13 1.13695
59 14 4.31268
59 15 4
59 16 2.91323
59 17 4.11671
59 18 4
59 19 5.46412
59 20 3.30212
59 21 2.30891
59 22 2
59 23 5.14052
59 24 5.03539
59 25 3.22507
59 26 10.4269
59 27 9.46805
59 28 5.17429
59 29 6.40555
59 30 7.22064
59 31 12.94
59 32 10.4841
59 33 21.9146
59 34 12.8244
59 35 6.74149
59 36 6.15705
59 37 15.3224
59 38 15.2647
59 39 16.1209
59 40 15.8674
59 41 23.0825
59 42 28.8895
59 43 27.3302
59 44 26.189
59 45 14.5603
59 46 13.5217
59 47 20.6598
59 48 25.0145
59 49 29.3735
59 50 19.4901
59 51 33.1073
59 52 29.7204
59 53 19.5504
59 54 28.6882
59 55 19.8235
59 56 31.8386
59 57 16.5965
59 58 21.7288
59 59 15.1363