 1        1     3.02
 2       46    48.88
 3      919   864.03
 4     3963  3698.26
 5     6676  6279.86
 6     8112  7586.32
 7     8093  7746.14
 8     7188  7095.51
 9     5882  5907.43
10     4562  4804.01
11     3386  3712.93
12     2478  2649.35
13     1658  1967.11
14     1172  1398.46
15      738   936.68
16      493   733.93
17      352   498.62
18      255   374.63
19      169   277.65
20      119   208.32
21      114   163.81
22       76   136.43
23       77   105.43
24       47    85.93
25       40    63.63
26      205   350.63
