 1        0     0.03     0.03
 2        5     2.30     4.72
 3        3     4.20    10.31
 4       10     8.20    11.90
 5       13     8.62    10.96
 6        5    12.72    14.04
 7        5     9.94    10.57
 8        9    10.38    10.64
 9       12    10.01    10.09
10        7     8.46     8.49
11       10     8.97     8.98
12       10     8.35     8.36
13        9     7.64     7.65
14        9     6.69     6.69
15        8     5.59     5.59
16        4     5.52     5.52
17        6     5.36     5.36
18        5     4.91     4.91
19        1     3.91     3.91
20        3     3.72     3.72
21        4     3.31     3.31
22        4     2.91     2.91
23        0     2.72     2.72
24        1     2.39     2.39
25        5     1.60     1.60
26       10    11.08    11.08
