 1        0     0.00
 2        0     1.95
 3       84   110.43
 4      924   935.33
 5     2187  2019.65
 6     3030  2785.29
 7     3488  3138.85
 8     3343  3064.62
 9     2766  2724.53
10     2244  2187.22
11     1655  1695.13
12     1187  1333.26
13      799   936.92
14      493   622.59
15      339   466.37
16      213   341.21
17      134   207.74
18       88   128.05
19       54   115.64
20       27    70.40
21       24    44.30
22       21    28.58
23       19    21.06
24        8    17.77
25       11    12.41
26       37    66.92
