 1        0     0.00     0.00
 2        0     0.09     0.51
 3        3     1.54     4.31
 4        2     4.64     9.09
 5        6     7.88    11.61
 6        9    11.32    14.29
 7       13    16.28    18.14
 8       15    15.86    16.82
 9       13    15.98    16.37
10       15    15.56    15.67
11       19    16.33    16.38
12        8    12.79    12.81
13        7    13.45    13.46
14        9    12.59    12.60
15        7    12.14    12.14
16       16    10.24    10.24
17        6     9.06     9.07
18        8     8.69     8.69
19        8     7.31     7.31
20        2     6.44     6.44
21        5     6.23     6.23
22        6     5.09     5.09
23        4     4.28     4.28
24        6     4.29     4.29
25        3     3.78     3.78
26       20    21.26    21.26
