 1        0     0.00     0.00
 2        2     0.72     0.84
 3        3     2.19     2.70
 4        3     2.44     2.93
 5        5     3.05     3.40
 6        7     4.36     4.56
 7        0     5.09     5.20
 8        7     6.82     6.87
 9       11     5.23     5.25
10        6     6.35     6.36
11       11     5.84     5.85
12        9     6.00     6.01
13        7     6.06     6.06
14        8     5.26     5.26
15        5     4.20     4.20
16        8     4.89     4.89
17        3     3.88     3.88
18        3     3.49     3.49
19        3     3.04     3.04
20        5     2.97     2.97
21        0     2.73     2.73
22        4     2.75     2.75
23        0     2.63     2.63
24        0     1.71     1.71
25        1     1.69     1.69
26        9    12.68    12.68
