 1       21    16.64
 2      236   156.24
 3     2362  1748.87
 4     3684  2758.38
 5     4600  3502.81
 6     4424  3573.48
 7     3783  3203.65
 8     3245  2795.47
 9     2659  2323.13
10     1939  1751.00
11     1437  1349.74
12     1006   987.09
13      672   696.73
14      481   523.13
15      337   374.81
16      233   269.61
17      187   214.85
18      133   149.00
19       83   118.38
20       62    94.50
21       49    70.54
22       39    56.35
23       34    48.02
24       29    38.90
25       20    34.91
26      103   163.81
