 1        6     3.90
 2       20    15.45
 3      984   832.27
 4     2162  1701.38
 5     2643  1961.81
 6     2573  1868.60
 7     2265  1798.85
 8     1949  1518.13
 9     1565  1183.95
10     1204   956.00
11      900   740.66
12      646   556.94
13      447   388.02
14      272   275.48
15      195   190.48
16      119   130.81
17       62    75.82
18       50    55.20
19       35    34.61
20       15    34.46
21       13    15.96
22        9    13.98
23       11     8.09
24        6     7.23
25        1     4.27
26       15    21.91
