 1        0     0.00     0.00
 2        0     0.09     0.17
 3        5     2.15     2.64
 4        2     2.44     3.22
 5        3     4.13     4.92
 6        7     5.83     6.40
 7        6     7.24     7.56
 8       12     7.98     8.14
 9       12     8.57     8.64
10        8     7.92     7.94
11        9     7.76     7.77
12        3     8.24     8.24
13        7     6.96     6.97
14        3     6.52     6.52
15        5     6.70     6.70
16        6     6.10     6.10
17        5     5.77     5.77
18        3     6.40     6.40
19        2     5.47     5.47
20        1     4.46     4.46
21        2     4.18     4.18
22        3     4.53     4.53
23        0     2.92     2.92
24        3     2.95     2.95
25        1     3.02     3.02
26       10    19.06    19.06
