0.05056242408462963 0.013279295947566433 0.01119083564390476 0.00820554935785308 0.004095154346627966 0.002597559160674302 0.0004473784709423275 -0.001262542752929659 -0.0040005800515962985 -0.004716279698664564
0.013279295947566442 0.01806430676541042 0.01178339846725331 0.009332237068939136 0.005216060528144133 0.0020425979189694077 -0.0006146193743214563 -0.004019925954822714 -0.007940689155641747 -0.00995567284202247
0.011190835643904759 0.011783398467253285 0.015434993433799197 0.008522040418677561 0.004173458847427111 0.0007844585837314659 -0.0003235266924044238 -0.003186355584270898 -0.006842879234681212 -0.008676012481453634
0.008205549357853094 0.009332237068939141 0.008522040418677585 0.01023766003199758 0.005365461138381238 0.0027923940799044495 -0.000758543947519937 -0.004445154849439427 -0.00770658834115589 -0.008940488993525104
0.004095154346627954 0.0052160605281441124 0.004173458847427108 0.005365461138381217 0.008807030666704014 0.007811994403194802 0.0017612882281029378 -0.004273213208343092 -0.007266789857090144 -0.006805492161034216
0.0025975591606743047 0.0020425979189694 0.0007844585837314729 0.002792394079904436 0.007811994403194812 0.017005174676170718 0.007599469432244474 -0.002130589036355579 -0.005950803416353515 -0.003806391911215183
0.00044737847094234297 -0.0006146193743214462 -0.00032352669240440994 -0.000758543947519934 0.0017612882281029597 0.007599469432244488 0.014451036050731093 0.008066835853815436 0.007146921837201441 0.006693100594571187
-0.001262542752929659 -0.004019925954822729 -0.0031863555842709048 -0.00444515484943945 -0.004273213208343094 -0.002130589036355589 0.008066835853815424 0.02104533531868476 0.024339559498044623 0.021357817035533237
-0.004000580051596307 -0.007940689155641775 -0.006842879234681231 -0.007706588341155928 -0.007266789857090161 -0.005950803416353527 0.007146921837201413 0.02433955949804461 0.041409028499810624 0.036205221703326594
-0.004716279698664563 -0.00995567284202248 -0.008676012481453636 -0.008940488993525116 -0.006805492161034214 -0.0038063919112151776 0.006693100594571181 0.021357817035533237 0.036205221703326615 0.0595632630262906
