0.05117968251113833 0.02797876004837238 0.02066281698493878 0.014071867967017258 0.006655174029222326 0.0021736054239424223 -0.0007026543805642835 -0.0026527276627628916 -0.007464736821803345 -0.010469893244409462
0.027978760048372346 0.026145226721646375 0.01697257285308157 0.012419032677276953 0.0065512929644830995 0.0017024789598113254 -0.0015574954464712115 -0.004759485091703739 -0.009283667840144455 -0.012334641892142357
0.020662816984938746 0.016972572853081562 0.01596329328075949 0.009954554271847816 0.004602240832151294 0.00043774234767653895 -0.0007222202563406796 -0.003265613146916458 -0.007119709599076654 -0.009548989889775568
0.014071867967017246 0.012419032677276969 0.009954554271847837 0.010145128484776295 0.005582502944291194 0.002673746080004775 -0.0009214483365669505 -0.004507349398636663 -0.007862771997528146 -0.009188870408029256
0.006655174029222282 0.006551292964483094 0.004602240832151289 0.005582502944291178 0.008592148093080282 0.007723994032537908 0.0016622134911087427 -0.004281892131147859 -0.007305226391573326 -0.00695321372622856
0.002173605423942396 0.0017024789598113275 0.0004377423476765419 0.0026737460800047635 0.007723994032537915 0.016488006720403077 0.00746459392575892 -0.002131669176718413 -0.006002431468555419 -0.003966264791637192
-0.0007026543805642877 -0.0015574954464711965 -0.0007222202563406646 -0.0009214483365669454 0.0016622134911087627 0.007464593925758936 0.01414245804474867 0.008064873865142588 0.007141803147264243 0.006634462092640917
-0.002652727662762917 -0.004759485091703745 -0.0032656131469164596 -0.004507349398636683 -0.004281892131147863 -0.0021316691767184217 0.008064873865142578 0.021040433227422096 0.024340915284164058 0.021357116495077235
-0.007464736821803382 -0.009283667840144475 -0.00711970959907667 -0.00786277199752818 -0.007305226391573343 -0.0060024314685554305 0.007141803147264215 0.024340915284164044 0.041409028499810624 0.036205221703326594
-0.010469893244409473 -0.012334641892142357 -0.009548989889775567 -0.009188870408029265 -0.00695321372622856 -0.003966264791637188 0.006634462092640911 0.021357116495077235 0.036205221703326615 0.0595632630262906
