    0.0497     0.0024    -0.0011     0.0005     0.0027     0.0087    -0.0016     0.0085    -0.0021     0.0081     0.0096     0.0092    -0.0035     0.0107    -0.0018     0.0067     0.0005     0.0048     0.0040     0.0020     0.0037     0.0017    -0.0004     0.0037    -0.0022     0.0017 
    0.0024     1.1877    -0.0540     0.2134     0.0596     0.2442    -0.0034     0.1043     0.0625     0.0811     0.0742     0.0388    -0.0604     0.0633     0.0072     0.0431    -0.0329     0.0888     0.0067    -0.0213     0.0345     0.0205    -0.0350     0.0688    -0.0520    -0.1188 
   -0.0011    -0.0540     1.8004     0.1167     0.1621     0.0339     0.6283     0.1301     0.1045     0.0576     0.0755    -0.0982    -0.0289    -0.1325    -0.1302    -0.0095    -0.0093    -0.0372    -0.0280    -0.0416    -0.1060    -0.0426    -0.0213    -0.0441     0.0418    -0.2748 
    0.0005     0.2134     0.1167     3.8707     0.2443     0.1851     0.6517     0.3236     0.1649     0.2109     0.2039     0.3995     0.0673     0.1085    -0.1472     0.0653     0.1568    -0.0417     0.0619     0.0631    -0.0038    -0.0250    -0.0730     0.0286    -0.0421    -0.4652 
    0.0027     0.0596     0.1621     0.2443     2.8548     0.2871     0.7587     0.4403     0.3434     0.4780     0.3375     0.3822     0.2240     0.1548     0.0838     0.2429     0.2286     0.1595     0.1639     0.1459     0.0562     0.1054     0.0931     0.0651     0.0322     0.1499 
    0.0087     0.2442     0.0339     0.1851     0.2871    12.1157     2.0534     1.1235     0.7961     0.9836     0.5624     0.7480     0.0963     1.0759     0.4370     0.5445     0.1274     0.8152     0.3300     0.1259     0.4719     0.3289     0.2378     0.2571    -0.0179     0.6156 
   -0.0016    -0.0034     0.6283     0.6517     0.7587     2.0534    13.9984     0.8165     0.7449     1.1691     0.7014     0.7090     0.3351     0.6805    -0.1867     0.6776     0.4363     0.3390     0.1701     0.2867     0.1403     0.1983     0.1132     0.0359     0.1968     0.2010 
    0.0085     0.1043     0.1301     0.3236     0.4403     1.1235     0.8165     4.4341     0.2681     0.8222     0.9497     0.8069     0.1901     0.8425     0.2631     0.6065     0.4282     0.4758     0.4169     0.3265     0.2623     0.2661     0.1943     0.2838     0.0828     0.8332 
   -0.0021     0.0625     0.1045     0.1649     0.3434     0.7961     0.7449     0.2681     4.0709     0.2511     0.4261     0.2540     0.3468     0.0879     0.5352     0.2966     0.2617     0.3378     0.3661     0.2438     0.1960     0.0916     0.3326     0.1162     0.0505     0.6825 
    0.0081     0.0811     0.0576     0.2109     0.4780     0.9836     1.1691     0.8222     0.2511     3.8208     0.5658     0.7617     0.2777     0.8444     0.2590     0.8257     0.5549     0.5893     0.3914     0.4149     0.2286     0.3877     0.3152     0.3250     0.1350     1.0899 
    0.0096     0.0742     0.0755     0.2039     0.3375     0.5624     0.7014     0.9497     0.4261     0.5658     4.8835     0.7794     0.3053     1.0796     0.6451     0.8603     0.6086     0.6633     0.7006     0.5410     0.3034     0.3552     0.1899     0.4298     0.1649     1.2325 
    0.0092     0.0388    -0.0982     0.3995     0.3822     0.7480     0.7090     0.8069     0.2540     0.7617     0.7794     3.7423     0.5683     1.3930     0.4877     0.9320     0.6956     0.5469     0.4953     0.4055     0.4227     0.3674     0.2252     0.4273     0.1790     1.2401 
   -0.0035    -0.0604    -0.0289     0.0673     0.2240     0.0963     0.3351     0.1901     0.3468     0.2777     0.3053     0.5683     3.7514     0.3820     0.7232     0.4304     0.4448     0.3299     0.2803     0.2376     0.4655     0.2866     0.1813     0.2548     0.2342     1.1665 
    0.0107     0.0633    -0.1325     0.1085     0.1548     1.0759     0.6805     0.8425     0.0879     0.8444     1.0796     1.3930     0.3820     4.0235     0.2720     0.9541     0.5668     0.7079     0.5576     0.3987     0.4407     0.5063     0.1986     0.4997     0.2512     1.6387 
   -0.0018     0.0072    -0.1302    -0.1472     0.0838     0.4370    -0.1867     0.2631     0.5352     0.2590     0.6451     0.4877     0.7232     0.2720     3.2953     0.0988     0.2220     0.4645     0.4723     0.2304     0.3883     0.2833     0.2857     0.2681     0.1996     1.4472 
    0.0067     0.0431    -0.0095     0.0653     0.2429     0.5445     0.6776     0.6065     0.2966     0.8257     0.8603     0.9320     0.4304     0.9541     0.0988     2.8474     0.2865     0.4473     0.3293     0.3927     0.2490     0.3456     0.2257     0.3313     0.2026     1.1292 
    0.0005    -0.0329    -0.0093     0.1568     0.2286     0.1274     0.4363     0.4282     0.2617     0.5549     0.6086     0.6956     0.4448     0.5668     0.2220     0.2865     2.6073     0.0701     0.2444     0.3204     0.1863     0.2814     0.2435     0.2580     0.1608     1.1583 
    0.0048     0.0888    -0.0372    -0.0417     0.1595     0.8152     0.3390     0.4758     0.3378     0.5893     0.6633     0.5469     0.3299     0.7079     0.4645     0.4473     0.0701     2.4630     0.1932     0.2546     0.2919     0.3390     0.2080     0.3355     0.1423     1.1880 
    0.0040     0.0067    -0.0280     0.0619     0.1639     0.3300     0.1701     0.4169     0.3661     0.3914     0.7006     0.4953     0.2803     0.5576     0.4723     0.3293     0.2444     0.1932     1.8538     0.1211     0.2240     0.2349     0.2273     0.2134     0.0807     1.2986 
    0.0020    -0.0213    -0.0416     0.0631     0.1459     0.1259     0.2867     0.3265     0.2438     0.4149     0.5410     0.4055     0.2376     0.3987     0.2304     0.3927     0.3204     0.2546     0.1211     1.8979     0.0990     0.1590     0.1559     0.1692     0.1332     0.9091 
    0.0037     0.0345    -0.1060    -0.0038     0.0562     0.4719     0.1403     0.2623     0.1960     0.2286     0.3034     0.4227     0.4655     0.4407     0.3883     0.2490     0.1863     0.2919     0.2240     0.0990     2.4126     0.1165     0.1174     0.2078     0.0244     0.8900 
    0.0017     0.0205    -0.0426    -0.0250     0.1054     0.3289     0.1983     0.2661     0.0916     0.3877     0.3552     0.3674     0.2866     0.5063     0.2833     0.3456     0.2814     0.3390     0.2349     0.1590     0.1165     1.4126     0.0538     0.1855     0.1192     0.9785 
   -0.0004    -0.0350    -0.0213    -0.0730     0.0931     0.2378     0.1132     0.1943     0.3326     0.3152     0.1899     0.2252     0.1813     0.1986     0.2857     0.2257     0.2435     0.2080     0.2273     0.1559     0.1174     0.0538     1.3113     0.0116     0.0239     0.8890 
    0.0037     0.0688    -0.0441     0.0286     0.0651     0.2571     0.0359     0.2838     0.1162     0.3250     0.4298     0.4273     0.2548     0.4997     0.2681     0.3313     0.2580     0.3355     0.2134     0.1692     0.2078     0.1855     0.0116     1.4564     0.0113     0.7645 
   -0.0022    -0.0520     0.0418    -0.0421     0.0322    -0.0179     0.1968     0.0828     0.0505     0.1350     0.1649     0.1790     0.2342     0.2512     0.1996     0.2026     0.1608     0.1423     0.0807     0.1332     0.0244     0.1192     0.0239     0.0113     1.0133     0.4984 
    0.0017    -0.1188    -0.2748    -0.4652     0.1499     0.6156     0.2010     0.8332     0.6825     1.0899     1.2325     1.2401     1.1665     1.6387     1.4472     1.1292     1.1583     1.1880     1.2986     0.9091     0.8900     0.9785     0.8890     0.7645     0.4984     9.2306 
